-512
-506
-499
-493
-486
-480
-474
-467
-461
-454
-448
-442
-435
-429
-422
-416
-410
-403
-397
-390
-384
-378
-371
-365
-358
-352
-346
-339
-333
-326
-320
-314
-307
-301
-294
-288
-282
-275
-269
-262
-256
-250
-243
-237
-230
-224
-218
-211
-205
-198
-192
-186
-179
-173
-166
-160
-154
-147
-141
-134
-128
-122
-115
-109
-102
-96
-90
-83
-77
-70
-64
-58
-51
-45
-38
-32
-26
-19
-13
-6
0
6
13
19
26
32
38
45
51
58
64
70
77
83
90
96
102
109
115
122
128
134
141
147
154
160
166
173
179
186
192
198
205
211
218
224
230
237
243
250
256
262
269
275
282
288
294
301
307
314
320
326
333
339
346
352
358
365
371
378
384
390
397
403
410
416
422
429
435
442
448
454
461
467
474
480
486
493
499
506
512
