2
2
3
3
3
3
3
3
3
4
4
4
4
4
5
5
5
5
6
6
6
6
7
7
7
8
8
8
9
9
10
10
11
11
12
12
13
13
14
15
15
16
17
17
18
19
20
21
22
22
23
24
25
26
27
29
30
31
32
33
34
36
37
38
40
41
42
44
45
47
48
50
51
53
54
56
58
59
61
62
64
66
67
69
70
72
74
75
77
78
80
81
83
84
86
87
88
90
91
92
94
95
96
97
98
99
101
102
103
104
105
106
106
107
108
109
110
111
111
112
113
113
114
115
115
116
116
117
117
118
118
119
119
120
120
120
121
121
121
122
122
122
122
123
123
123
123
124
124
124
124
124
125
125
125
125
125
125
125
126
126
