-0.00471358094364405
0.0836041644215584
0.147775024175644
0.0876189693808556
-0.0768072828650475
0.2545505464077
-0.174483463168144
-0.27591460943222
0.0890103280544281
-0.169586196541786
-0.0327461659908295
-0.2812719643116
0.304091244935989
-0.316195964813232
-0.155304923653603
-0.175044044852257
0.00596067169681191
-0.102721199393272
0.0105076758190989
-0.277528554201126
-0.00627091759815812
-0.0171747282147408
0.152112022042274
0.00680630654096603
-0.310761839151382
-0.04304363951087
-0.246408045291901
-0.00774996820837259
-0.0959509089589119
0.0164645593613386
0.12420205026865
0.13209430873394
