-0.196146920323372
-0.399254143238068
-0.390953958034515
-0.307588666677475
0.00672919861972332
-0.126290634274483
-0.227769464254379
-0.245798692107201
-0.398218780755997
-0.44566947221756
0.0314170606434345
-0.342153072357178
0.0208386685699224
0.0719792768359184
-0.379327565431595
0.068445198237896
-0.266973167657852
-0.0755491107702255
-0.272543996572495
-0.100754931569099
-0.180391058325768
0.000272092700470239
-0.191018089652061
-0.0506465472280979
-0.107957996428013
-0.0469080954790115
-0.075203463435173
-0.195823952555656
-0.484854966402054
-0.0412243641912937
-0.136924639344215
-0.120527014136314
