0.845520317554474
1.12530481815338
1.10322821140289
1.03335916996002
0.947174251079559
0.92093962430954
1.0288610458374
1.00436949729919
1.06885635852814
1.00545156002045
0.933501064777374
1.00578224658966
0.861798405647278
0.86574250459671
1.09088742733002
0.973893821239471
0.929996132850647
0.850225210189819
1.01082515716553
0.905876100063324
0.956394970417023
0.95807808637619
0.923718690872192
0.891196608543396
0.895928978919983
0.950227856636047
0.949123203754425
0.942196071147919
1.06825435161591
0.962712585926056
0.966978669166565
0.978395283222198
