0.1346602
-0.1009723
-0.06243435
0.01604441
-0.08333358
0.02169008
-0.08315281
0.147269
0.05375675
-0.08781192
-0.04076245
0.009015584
0.1048399
-0.106067
0.1179081
-0.08721238
0.08292001
-0.0274373
-0.05312615
0.1386019
0.03622704
0.02071078
-0.1517479
0.05846428
-0.01812274
-0.0590614
0.01085105
0.005647035
0.03873347
-0.02205452
-0.04383342
0.0976042
0.07263558
0.08524652
-0.1432432
0.04043804
-0.02804993
-0.0443024
-0.04198499
0.04685767
0.04772021
-0.01829643
-0.01138304
-0.03104592
0.04912955
0.1065315
0.03327426
-0.01563052
-0.210591
-0.03246529
-0.001509563
0.04509096
0.106804
-0.07341193
-0.1558401
-0.01369497
0.2153588
-0.05081449
0.1444862
-0.01519154
-0.0894079
0.04575489
-0.03535877
0.04174266
0.008291539
-0.02136097
0.09802168
0.03572893
-0.04801667
0.03632686
0.04264078
0.108166
0.2172621
0.1581231
-0.1247696
-0.01816732
0.07581693
-0.002875238
0.04122874
-0.09612765
-0.07423426
-0.1685159
-0.1008172
0.05466393
-0.1579935
-0.04473552
0.2142816
-0.2259122
-0.1423582
0.08744527
0.2081649
0.005480175
0.08301117
-9.342618e-05
-0.1011909
-0.04419864
-0.08833108
-0.05628224
-0.07187665
0.009849942
0.1150393
0.1000522
0.03969077
0.006540932
-0.03655074
-0.04662763
0.157898
-0.01668341
-0.04528659
-0.1543058
0.1006019
-0.07691547
-0.1640177
-0.04093654
0.1738403
-0.1333739
-0.02989904
0.01375777
-0.007526058
-0.02190106
0.09987632
0.0634843
-0.09516377
-0.09938562
-0.02134253
-0.01425574
-0.03680343
-0.01902615
-0.0694548
-0.1321727
-0.06916799
0.02327521
0.08088832
0.09666138
-0.04429478
-0.1275391
-0.05044298
0.09099632
-0.003881863
0.17977
0.1349764
0.06650557
-0.0611802
0.008555618
-0.1907987
-0.08897202
-0.05505175
-0.05163178
0.22324
0.0129636
0.00405112
-0.05199809
-0.07692917
-0.03930064
0.06958708
0.05865075
0.02835087
0.04605652
-0.0445692
0.009831603
-0.08874002
0.1645681
-0.1214897
-0.06085774
0.1050064
0.2219209
-0.1114839
-0.05156122
-0.02238173
0.1472673
-0.1122764
0.09672495
0.1912737
-0.08595607
0.06275282
0.1402724
-0.134981
-0.1385821
0.03661534
-0.02395242
0.1452658
-0.09299073
0.06814807
-0.1959905
-0.07073271
-0.09369641
-0.1177232
-0.1137988
0.01732715
-0.00383032
-0.07156998
-0.08260503
-0.01670362
0.1037494
-0.01583455
0.09721826
-0.14969
0.08121789
0.004903304
-0.01940055
0.01298379
0.03870137
-0.1945223
0.08349583
-0.01285354
-0.03941277
-0.1415789
0.04583611
-0.1040267
0.03427964
0.07599346
-0.05564724
0.04545067
0.1302563
-0.09243104
-0.1534586
-0.05531071
0.01892587
-0.09871937
-0.05499125
0.1422689
0.01672932
-0.1052423
-0.08976322
-0.02442715
-0.02211516
-0.03773936
0.0707824
0.06257659
-0.01407344
-0.08675506
-0.03046042
0.03416365
-0.1034649
-0.07202834
-0.01405941
0.04746805
-0.1193515
-0.005343318
0.01514031
0.01361019
-0.09618134
-0.0506277
0.02261864
0.02417032
-0.0005409864
-0.05086711
0.0805446
-0.03268907
0.07342721
-0.206064
-0.006030358
-0.02619449
0.03689856
-0.1168798
0.01090645
-0.153198
-0.0731421
-0.05258285
-0.07225996
-0.01891332
0.112009
0.008809668
0.01611956
0.01398337
0.07068069
-0.01891691
0.02972078
0.09849336
0.001516146
-0.1496145
-0.06350349
-0.01537166
-0.07072268
0.02035036
0.08191215
0.1150073
-0.1089698
0.09860336
-0.03921952
0.03422893
0.04342601
0.1333867
0.08654838
-0.09740742
-0.1711891
-0.03217831
0.009220105
-0.04580407
-0.03778159
-0.08960421
0.01857973
0.157675
0.2053138
0.02489629
-0.02160087
0.01201705
-0.008666473
-0.01857403
-0.2146344
0.02339292
0.1024419
-0.01007911
0.0097569
-0.1323801
0.05853826
0.1028292
0.09045637
0.06001642
-0.07851055
-0.02594749
0.04407834
-0.2486933
-0.125348
-0.04821334
0.1883996
0.1383606
0.03885682
0.09905458
-0.07817333
-0.1766252
-0.1046369
-0.001304179
-0.0140891
-0.07937489
-0.06313691
-0.03576821
-0.09197182
-0.1547166
0.06901186
-0.007954377
0.05506144
0.0226012
-0.1271753
-0.1387675
-0.02404112
-0.09614398
-0.1183231
-0.07470599
-0.04852511
-0.04571865
-0.04704192
-0.08927307
0.07094162
-0.1009744
0.1007602
0.1506507
-0.08850139
-0.05230315
-0.1100774
-0.07405812
-0.0869143
-0.03563147
0.1286117
-0.09963483
-0.1015455
0.09143703
0.1746197
-0.1303575
-0.005191792
-0.1481452
-0.06785154
-0.187261
0.1468473
0.105844
-0.08311027
-0.124545
0.01827359
-0.05285016
-0.03153814
0.03052648
0.09434009
-0.08998669
0.09164468
0.113367
-0.1227958
-0.1298515
0.01684608
0.07816118
-0.01932208
-0.07931364
-0.1358791
0.02771622
0.005982073
0.009289444
-0.1166517
-0.1328222
0.05200679
-0.02407065
0.08309302
0.01153698
-0.0626996
0.07853387
0.05985009
-0.01457842
0.1659971
-0.005611353
-0.1855982
0.0550754
-0.07732954
-0.2192226
-0.0236396
0.1321565
-0.1003889
0.07204831
0.0650063
-0.1130639
-0.02854699
0.1177525
0.05161484
-0.04686566
-0.2016088
0.1344167
-0.1517127
-0.004633029
-0.03942297
0.05306771
-0.1444682
0.08167857
-0.1297452
0.106212
-0.03499288
-0.02625802
-0.1970279
-0.03416704
0.1373993
-0.09918466
-0.002961497
0.02447265
-0.0421968
0.006507573
-0.01012601
-0.2163603
-0.089164
-0.1144109
0.1277553
-0.01573018
0.006636916
-0.1313649
-0.0465605
0.1588212
-0.09030501
0.09264822
0.1331002
-0.005821152
-0.1101802
0.03590835
-0.1125891
0.01471925
0.1489287
-0.2188458
-0.09765363
-0.07658349
-0.08199449
-0.05698169
0.1869076
0.01647129
-0.02079028
-0.04429742
-0.03634837
-0.03307028
-0.1137753
0.132038
-0.04171615
0.03583134
-0.1426629
-0.0177349
-0.0665456
0.09184927
0.119216
0.05979661
-0.100186
-0.0139158
-0.04902246
0.2101991
0.04960485
0.05609762
-0.119646
0.08725639
-0.1031581
0.06028249
-0.05050581
0.03722673
0.02723186
0.02406138
-0.001900671
0.09699544
0.1395874
0.05578053
-0.05381784
0.03958727
0.05765304
0.1053548
-0.03202512
0.09466996
-0.0001561053
-0.2181722
0.01550762
-0.03425206
0.08559731
0.02934691
-0.03318297
0.02264142
0.08725868
-0.08728959
-0.06518675
0.05500274
0.02939028
-0.06229296
-0.001981343
-0.0205478
-0.01208532
-0.02481084
-0.0008685915
0.0717402
-0.04256641
0.05257839
-0.04931119
-0.1010967
-0.09160996
0.04776278
0.08027232
-0.03945094
-0.07594317
-0.084086
-0.1524923
0.02687997
0.02413926
-0.003849529
0.03013511
-0.1080685
-0.08943474
0.1294492
0.04704776
-0.1709772
0.01125703
-0.02210992
-0.1321482
-0.03206098
-0.1350618
0.05802435
0.01664728
0.09884566
-0.1330395
-0.1467445
0.07575595
0.137612
-0.0502916
0.02520781
0.1218675
-0.1687066
0.006216127
0.01062112
-0.07704139
-0.05842628
0.1287159
0.1103296
0.06349797
-0.114977
0.1157265
-0.06951994
0.03844446
-0.05294889
0.1084162
0.001897859
-0.09438128
-0.04655424
-0.03063822
-0.08134808
-0.01805922
0.0298819
0.05802216
0.1171464
-0.1003202
-0.1293949
0.03175846
0.08320829
-0.1308368
-0.02139774
0.05665103
0.03554432
0.03436451
0.07789495
-0.05801748
-0.04863727
0.1199256
0.01705969
-0.02862346
-0.07029384
-0.1477242
0.03912506
0.06068509
0.04313513
0.03274982
-0.003248052
0.05723289
0.05514771
-0.008306238
-0.1349468
0.01330543
-0.08723217
0.03345726
0.04405965
0.07512477
0.07832146
-0.1492362
0.02196602
0.07176011
-0.103648
-0.139065
0.03186164
0.03952429
0.01645325
-0.07436268
-0.08672483
0.01963903
0.0552177
-0.06525239
-0.01439079
-0.006023462
-0.005996611
0.0178344
0.05104868
0.151556
-0.09316871
-0.05466661
0.02605673
0.0845913
-0.005188764
-0.05019532
-0.07371902
0.08844659
-0.06023201
-0.1436442
-0.06709528
-0.1358044
0.04209279
0.06027495
0.1121253
0.001381134
0.05541483
0.2129817
-0.01128739
-0.07573472
-0.02239477
0.1028282
0.01053424
0.07328545
-0.01352743
0.01632044
0.08401783
0.113308
0.0124797
-0.1163754
0.1461526
0.07810926
-0.02919854
-0.07647393
0.06369662
-0.04824911
-0.05373562
-0.09270041
-0.04764532
-0.06590668
0.02836654
0.05121468
-0.001384118
-0.1092299
-0.03568583
0.06130235
0.07717901
0.02513078
0.05880955
-0.001860132
-0.04581845
-0.05789928
-0.0987065
-0.1121641
-0.1731598
-0.01129616
0.152675
-0.1005845
0.0163549
0.0820886
-0.02422006
-0.1224492
0.1623566
-0.1176805
0.02042692
0.1341456
0.02203969
-0.04907915
0.02852543
0.1413792
-0.1784305
0.1486214
-0.06351371
0.1219252
-0.1003168
0.1252226
-0.009061018
-0.07464845
0.1404282
0.01653789
-0.09762909
-0.009726084
-0.07703212
-0.03754146
0.01081512
-0.08176406
0.1411254
-0.08090203
-0.0384307
0.01800188
-0.075648
0.1596008
-0.03902161
0.05177312
-0.072802
-0.03045009
0.00686801
-0.1912832
-0.04968054
0.07362621
-0.02278371
0.08414361
-0.1128143
-0.05305368
-0.008683681
0.07172104
-0.1119175
-0.02185626
-0.02682327
-0.01316041
0.1041895
-0.1700439
0.0904078
-0.09042813
0.1553103
0.08980183
0.1422748
-0.02766463
0.0494146
-0.05095557
0.06352237
0.0507628
-0.05949709
0.01670106
0.01657452
-0.01389761
-0.158692
0.1226206
0.1009434
-0.01251361
0.08034237
-0.01494494
0.01985556
-0.01043127
-0.0386117
0.01892035
0.01966266
-0.06116368
0.05902902
-0.01535319
0.002678573
-0.0437259
0.06949969
-0.04508327
-0.06214382
0.111436
-0.06737851
0.02325433
-0.003723289
0.007463786
0.07192238
0.1541497
-0.001605659
0.1607866
-0.006427785
-0.00249248
0.1157064
0.06857376
0.08383334
0.05254197
0.02870772
-0.05106381
-0.01231323
0.03008411
-0.03318616
-0.005598083
0.04170942
0.0229445
-0.02376623
-0.004055744
-0.03198646
-0.129678
-0.04276735
-0.1160377
0.01945257
0.001483653
-0.02575608
-0.02907105
-0.03976243
0.0712211
-0.02301271
0.03281612
-0.02435035
-0.02943218
0.04110579
0.1093562
0.02193081
-0.04426695
-0.01475349
0.1406569
-0.05004552
-0.05571035
-0.009225688
0.004452748
0.0199828
-0.07493012
0.1165049
-0.06509723
0.08928788
0.1088574
0.04592073
0.0917868
-0.07554838
-0.06054771
-0.002015323
0.03536736
-0.02315219
-0.08527407
0.003946691
0.009118391
0.007984552
0.03486224
-0.04895302
0.1223053
-0.105115
0.02479224
-0.1920757
0.0702992
0.09936386
-0.04672224
0.05312455
0.06743338
0.04935196
-0.08487733
0.06654347
0.04949027
0.0156823
0.03734878
-0.03585722
-0.09316266
-0.1147972
0.110303
-0.01318004
0.06301589
0.03263853
-0.03677332
-0.04387629
-0.05677098
0.01663248
-0.04861885
-0.1162023
-0.05117924
-0.06603447
-0.03113566
0.02721706
0.1466593
0.03667417
-0.08789698
0.08498576
0.06537113
-0.01461495
0.0538318
-0.01314424
0.01502264
0.04744102
-0.07259025
-0.04509233
0.163257
0.1015916
-0.1943255
0.02230495
-0.04679435
-0.04997957
-0.04438099
0.1072653
0.1579749
-0.01724861
0.07487848
0.1153717
-0.1943557
0.1139263
0.02514734
0.03919333
-0.04415412
-0.07145904
0.10433
0.07189828
0.04025995
-0.008451395
-0.06016897
-0.1040327
0.002251523
-0.03843
-0.06930993
-0.06787322
-0.03784176
0.0975967
-0.1136374
0.04608787
0.09764036
-0.08912115
-0.02469678
-0.02667277
0.0479743
0.004984559
-0.1180147
-0.03509721
-0.01787052
0.08490703
0.0149395
0.09833313
0.09957509
-0.0124093
-0.04677868
-0.05318361
0.1285138
-0.01408369
0.1362039
-0.02164312
-0.1123902
-0.01386898
0.1280899
-0.04502111
0.01268074
0.1140192
-0.01184004
-0.07145654
0.02475011
-0.0297144
0.09777088
-0.05130937
-0.05989844
0.04534996
0.06067018
-0.001791282
0.06258227
0.04944187
0.17331
0.1200919
-0.08372981
-0.02065755
0.03236206
0.09038708
-0.07490724
-0.1055036
-0.00771469
-0.0954604
0.07728827
-0.01448179
-0.002266354
-0.01067059
-0.0310974
0.1265254
0.1224732
0.06571934
-0.02621735
-0.01947718
-0.0175457
0.1033043
0.08636961
0.002829863
-0.0260732
0.106666
0.04127749
-0.03644243
0.1107385
0.03851683
0.08868454
-0.03755747
-0.01069769
0.007437296
0.008852052
0.01982456
-0.06065133
0.04167908
0.04940293
0.03082848
-0.01926945
0.05106362
0.09275439
0.08699333
-0.1052159
-0.006324725
0.02120898
0.008608599
0.03675248
-0.08196986
0.0479721
-0.01284766
-0.01243349
-0.01129881
0.0006676422
-0.04406508
0.02471826
-0.008659885
0.02565722
-0.07071143
0.01256088
0.0894386
0.01542219
0.03992391
0.1304365
-0.02967933
-0.05825704
0.1164261
0.1367166
-0.08106934
0.1006701
-0.06510195
-0.02166247
-0.02729229
-0.01542258
-0.01226696
0.03287714
0.1023754
-0.06867416
-0.007669124
-0.09534793
0.07685409
0.1171385
0.1610897
-0.05998288
-0.007018479
-0.06576818
0.03534703
-0.01228234
0.1503533
-0.07400589
0.167029
0.04095268
-0.03072406
-0.06703628
-0.09071261
-0.03025964
0.05150951
0.06749757
0.02413039
-0.1133912
-0.1276353
-0.1242369
0.07295293
0.004657704
-0.02755535
0.1445031
0.001002877
0.1109548
0.004009882
-0.01083171
0.1072993
0.06525481
-0.02208471
-0.08417051
-0.05496449
-0.04071486
-0.007607048
-0.1039208
0.08948731
-0.08432703
-0.07845314
-0.03971894
0.01498313
-0.1058956
0.1210731
0.05418924
-0.1728151
0.01813781
-0.008685586
-0.06170846
0.1324086
-0.01125007
-0.01858149
-0.0806872
-0.1157646
0.1095466
-0.1362707
0.04164376
-0.006317103
0.0635596
0.0263606
0.05786753
-0.004374649
0.1180134
-0.01454401
-0.000545693
0.03185678
-0.04495757
0.06882609
0.02377533
0.007002429
0.04801034
-0.1179224
0.08741453
0.02908367
0.0853418
0.02506786
0.0002570439
-0.04369851
0.01602826
0.01837802
0.0857769
0.09889098
0.03386522
0.05745468
0.06598516
-0.01062046
-0.05366834
0.1514932
0.04338874
-0.122908
-0.0176338
0.103061
-0.008624384
-0.1560009
-0.04005428
0.009828967
0.02064359
-0.04378934
0.05734354
0.01914402
-0.004694003
0.003184116
-0.03199155
-0.04023321
-0.02911962
-0.05447531
0.06608568
-0.1470249
0.06389917
0.03588223
0.01322137
0.1498767
-0.004597824
-0.02173563
-0.01782987
-0.002564589
-0.04363832
-0.03783661
0.1086738
-0.01692961
0.02734023
-0.02012563
0.0872215
-0.04185658
-0.06377416
-0.02649539
0.1165824
0.02835968
-0.1013786
0.01421088
0.05071743
0.01229989
0.06366471
0.02233444
0.1003572
0.06535712
-0.02954272
-0.001246516
-0.0537964
0.1370597
0.02370749
-0.1581757
0.02900337
0.01322052
-0.002143932
0.1226062
-0.08101654
-0.04400133
0.1331829
0.03014081
0.04255765
-0.06892648
-0.1395478
-0.02814629
0.1548285
-0.02337278
-0.008778067
-0.07146656
0.05828578
-0.07270385
0.008297342
0.008328085
0.01044235
0.03383649
-0.01917856
0.0526913
-0.08264871
-0.146855
0.1723173
-0.1113132
-0.004182532
0.04074946
0.0997416
-0.07343991
-0.03045736
-0.06909863
0.04407293
-0.002433056
-0.1178132
-0.05905331
0.003513494
-0.004196802
0.1057729
-0.09751429
-0.03217392
-0.0746864
-0.09576499
0.1992071
-0.03666787
0.04200514
0.1013075
-0.1134053
0.0008496656
-0.06293317
0.03684861
0.1267907
-0.02399277
0.03771693
0.1087526
0.1117286
0.02781016
0.08315851
0.05688156
0.03995177
-0.03886092
-0.1235226
-0.05292302
0.05422911
-0.02910996
-0.03867408
-0.04731581
-0.1128325
-0.02169399
-0.0533151
0.007225961
-0.08893885
0.05222553
0.06412019
0.03424529
0.0986139
-0.06309251
0.04796414
-0.110805
-0.09461565
0.1175402
0.08536115
0.03830459
0.0290028
-0.0514648
0.1398911
0.05509339
0.05020386
-0.03284887
-0.0272232
0.02377861
-0.01017502
-0.1167362
-0.08324745
0.1082287
0.11109
0.1090561
0.08659451
-0.0136312
-0.03354193
-0.02506601
-0.01777183
-0.09873311
0.08264564
-0.09449527
-0.04623761
-0.06208942
0.07649538
0.009373597
-0.1219571
0.08537757
-0.03729828
0.1587075
0.04433464
-0.03667186
0.04860238
0.06870016
0.05689286
-0.02118279
-0.01830629
0.08427091
0.08864071
-0.05448289
-0.02487297
0.004150413
-0.02149564
-0.03874563
0.01773384
0.1582816
0.03046244
-0.007080784
0.05441913
0.04710849
0.07957077
0.01254749
-0.007888608
-0.03352842
0.02025961
-0.006608724
0.05377387
-0.05760467
-0.05745469
-0.009418944
0.04214721
0.05119962
-0.08971956
-0.08407199
-0.005141617
0.124714
-0.1079784
-0.08537835
0.09069722
-0.005218001
0.053094
0.08133055
-0.004812418
0.02841718
-0.05035191
0.0265734
0.03909722
-0.00454919
-0.03519186
-0.04656073
-0.06360647
-0.1306663
0.0888248
0.05697941
-0.02855179
-0.1805939
-0.1407678
-0.05242234
0.1423557
0.1009031
-0.131041
-0.07353674
0.04069574
-0.1294316
-0.1455324
0.1368382
0.0550756
0.04389333
0.03951062
-0.1015062
-0.1673126
0.1027671
0.06350423
-0.1191326
0.148807
0.08940681
-0.1194522
-0.06279909
0.1625196
0.01194199
-0.1415733
0.006557388
-0.0668857
0.04097185
-0.07054067
-0.07911253
-0.05522061
-0.06833868
-0.1114749
-0.01472051
-0.001375155
-0.01799575
0.1239868
-0.1296073
0.03549992
0.001151769
0.1062036
0.08303646
0.1244865
-0.1888657
-0.03492905
-0.01149044
0.008346182
0.02511632
0.1030375
-0.06931897
0.02940634
-0.01703684
0.03068563
0.05649089
-0.008449772
0.03714887
0.09817101
0.02880933
-0.08076739
0.0383255
0.09045501
-0.08012438
0.03776317
0.007446035
0.003074047
-0.09898225
0.03342142
-0.03837591
-0.1004313
0.08662086
-0.003920985
-0.08023608
-0.05197124
-0.002435224
-0.1062486
0.05098504
-0.08495606
-0.03479205
0.01084267
0.0676123
0.07202087
-0.0264741
0.0307866
-0.01780034
-0.08875397
0.06325054
-0.01458554
0.05467716
0.006281401
0.008098365
0.1564743
0.07054867
-0.05760387
-0.06222269
0.006591168
0.1083692
0.006470004
-0.06673263
-0.1004981
0.01480671
-0.0105936
-0.03136464
0.04412348
-0.05130804
-0.09218547
-0.06861955
0.115357
0.08659099
0.1290948
0.03946086
0.004302224
0.06804372
0.03773677
0.1299085
-0.008601596
0.05249725
-0.1140652
-0.07018017
0.1034739
-0.1131648
-0.01261191
0.007731288
0.03265186
0.01435894
-0.1400194
0.1608805
-0.009022268
-0.04136832
-0.04698091
0.1149536
-0.09294997
0.1187096
0.02703401
-0.02230616
-0.09573301
0.08540997
0.008317413
0.03899606
-0.03207099
-0.003140506
0.1955521
0.1004881
0.0163156
-0.06957074
0.001762105
-0.00975084
-0.06214529
0.04264183
0.02194124
0.1496598
-0.0274539
-0.1114672
-0.08567683
0.01774922
-0.04591852
-0.1148466
-0.01481463
0.04885183
0.1371727
-0.08681688
-0.008463083
0.09556485
0.1087452
0.0247181
0.02253346
0.008670272
-0.02192964
0.02889204
-0.04887912
0.05888066
0.002807312
0.06778004
-0.1243162
0.01956628
0.09932453
-0.09608331
0.1103188
0.1093256
0.02759906
-0.03812531
0.03339061
0.03164964
-0.00794077
0.05043288
0.07290105
0.03047106
-0.07528216
0.04644253
-0.05837001
0.01903463
0.0678114
-0.04103708
0.06204382
0.1754434
0.05472144
-0.04665267
0.01615364
-0.1573756
0.03708546
0.02323837
0.00756492
-0.06321543
0.1308623
0.06416551
0.05057441
-0.06768315
0.1008759
-0.0583581
-0.07729872
-0.1254285
-0.008434038
-0.007835423
-0.09209789
0.02952733
0.01758748
-0.006844153
0.04659853
-0.006992494
0.01501572
0.01185333
-0.04200165
0.08721834
0.1063933
0.05493525
0.0843184
0.1142871
0.009609807
-0.03035119
-0.04774199
0.0405162
0.03259924
-0.04199937
0.05357233
0.00823215
-0.02595438
-0.05967093
-0.04472845
0.05399451
-0.02467089
0.01634011
-0.1152373
-0.02554339
-0.0148861
-0.1548214
-0.07567917
-0.04115517
0.2507073
-0.08620332
0.01491537
0.256667
-0.1179708
-0.001321101
-0.02131129
-0.1380244
-0.07201886
0.1174796
-0.05014872
-0.1435465
0.02064564
0.1603166
-0.02162648
0.152043
0.03233907
-0.01777158
-0.1477077
0.1437603
0.0973764
-0.04714346
0.03684413
-0.1209702
-0.002199972
-0.1046918
-0.0494726
0.03703631
0.1209604
0.07417982
0.01848792
-0.07547071
-0.142254
-0.03017714
-0.05595772
0.02966245
-0.1170487
-0.12714
0.0315597
-0.06722704
-0.03577405
-0.02951103
-0.175879
-0.09173372
0.1804547
0.2391355
-0.07785496
-0.04611524
-0.1843378
-0.08383881
-0.01883361
0.02102514
-0.02902682
0.08173013
-0.04528477
-0.1164463
-0.07116859
-0.009786049
-0.03314177
-0.02016678
-0.01662657
0.1402664
-0.1146542
0.1983623
0.04847834
0.09507983
-0.2294859
-0.03003507
0.06846192
-0.01435207
-0.07628588
0.002409945
0.07684835
-0.1079809
0.04603858
0.06706031
0.1503691
0.2278429
-0.1014232
-0.08818459
-0.08558102
0.1671267
0.1416456
-0.1156816
0.1707736
-0.1279271
-0.1835555
-0.08089569
0.01984692
-0.1392406
-0.008456373
-0.08390787
0.1212097
0.08093359
-0.1286346
0.007893923
-0.1844781
-0.083563
0.08762529
-0.03412135
0.008538094
0.05211689
-0.01218535
-0.195305
-0.1948187
0.1798207
0.08431496
-0.02586425
0.01350284
-0.09616578
-0.05351278
0.1549924
0.1461271
0.1476169
-0.2074276
0.02152721
0.09147856
-0.0477978
0.2062264
0.1163733
-0.06709421
0.01522041
0.02698295
0.0983482
0.01997548
0.1079294
0.1249613
-0.1100086
0.001161801
0.09772365
-0.1085971
0.009991823
-0.01183465
-0.05222482
-0.00646336
0.00195983
-0.01081013
0.08989344
-0.05190545
0.08002658
-0.06533246
-0.00440275
0.06796627
-0.09437738
0.04953609
-0.06065373
-0.03634476
0.01712565
-0.06903219
0.0407735
-0.04731784
0.01365345
-0.04537881
-0.01274617
-0.01693367
-0.08578727
-0.05210829
0.01026348
0.07158881
0.1115025
-0.07913212
-0.14077
-0.07337613
0.09400447
0.1576618
0.05975752
-0.1714314
-0.04630296
-0.05903358
-0.01280525
0.03564514
0.1025049
0.01642775
0.07678883
0.07724366
0.0695005
-0.07289673
0.09475796
-0.0745189
0.02488196
-0.0357448
-0.07936627
0.06683168
-0.169741
-0.1301242
-0.01289549
-0.03829075
0.04556617
-0.05500263
0.00305356
-0.006867668
-0.0598952
0.04379028
0.01544163
-0.1767357
-0.03951141
-0.09380396
0.08709417
0.05453094
-0.005209063
0.1156743
0.04247365
0.1144392
-0.04523202
-0.08567429
0.1626866
-0.03775306
-0.03411958
0.005836494
-0.1049062
-0.08684682
-0.008206515
0.09089305
-0.1393327
-0.07211556
0.08765022
0.02167686
0.0390086
-0.01543805
0.02998446
0.06148051
0.04096103
0.1278421
0.0623421
-0.07282276
-0.05230038
-0.01966562
0.02859668
0.067881
-0.08384833
0.06641459
-0.09061489
-0.0096443
-0.1702449
-0.0266736
-0.0121062
0.04213
0.07489172
0.01425573
0.01412914
0.006027316
0.03444125
0.09668183
-0.2978297
0.00883531
-0.07829733
0.03418413
-0.1479547
-0.01189088
0.04094257
-0.05315237
-0.04207603
0.1728401
0.1407909
-0.05535839
-0.04899715
-0.07873875
0.05417888
-0.06320076
0.03930746
0.03038024
-0.04603134
0.1814856
-0.07491861
0.02144858
-0.08449868
-0.09813591
-0.08738223
-0.1753207
0.007565095
0.07730973
-0.0001957337
-0.1252119
0.02683984
0.05089733
0.1527132
-0.07444613
-0.140627
0.1085052
-0.1579147
-0.06198318
-0.02634285
-0.1317414
-0.04119573
0.05412819
0.07130468
-0.06987438
0.04289665
-0.1029204
-0.05980359
0.01869652
-0.1000235
-0.02722209
-0.1027541
0.01826037
-0.1215003
-0.06208244
-0.02044773
-0.02093852
0.034937
-0.02410606
0.1163854
0.004207029
0.07584369
-0.0004979686
0.07943636
-0.07779687
0.06551182
-0.03032163
0.08253189
0.05587509
0.07477144
0.04557857
-0.1705398
0.02231048
0.09061021
-0.1811485
-0.02618501
0.1541583
-0.07093785
0.01909801
0.05430983
0.08235897
0.1105245
0.1167357
0.09358995
-0.08761404
-0.1103594
-0.08262606
0.1109461
-0.1432445
-0.07634709
-0.114782
-0.04466835
0.003078466
0.009313087
0.1592226
0.04379509
0.1569462
0.1030166
-0.08133217
-0.009673622
-0.0106855
0.03462499
0.06138024
-0.1168203
0.2152397
-0.04907242
0.01422589
-0.004381627
-0.05540866
0.1094168
0.150077
0.1916014
-0.02397398
-0.1471159
0.1040224
-0.1103914
-0.1149303
0.01637382
-0.002473454
-0.1335256
0.04576116
0.05939502
0.07758331
0.009173669
-0.01431249
0.01293851
-0.1723526
-0.005649908
0.007361882
0.144451
-0.06588498
0.03295513
0.007118701
-0.08421838
0.01079986
-0.02951577
-0.1159841
-0.02494491
0.0990962
-0.04674384
-0.05735341
-0.00615854
0.09305153
-0.1737752
0.0009270744
0.1226803
0.02557452
-0.0003336774
-0.01363399
-0.2554629
-0.06105093
-0.05889433
0.05919632
-0.07608925
0.04814956
-0.04951894
-0.04087873
0.09216584
-0.04096197
0.1743135
-0.1262015
0.0374488
0.1405781
0.08318347
0.2053297
-0.1042279
0.02098901
-0.09020591
-0.04594015
-0.06769384
0.1133262
-0.08046626
0.04864614
-0.1267482
0.001138549
-0.008894167
0.1838581
-0.01300543
0.1160586
-0.04811488
-0.03308497
-0.07468645
-0.05095822
0.008710996
-0.1334363
-0.1172814
0.002369904
0.03947526
-0.08964629
0.1576784
0.02315443
0.07643969
0.02946718
0.02266637
0.01354423
-0.02352935
-0.004540169
-0.05044637
0.01248593
0.01055176
-0.1497727
-0.02325843
0.03190191
-0.02808127
-0.1027838
0.03040481
-0.168922
0.002866016
0.09605768
-0.04580401
0.01889874
-0.04408151
0.01903472
0.01807802
-0.1072812
0.003501365
-0.04205781
-0.1026704
-0.01444732
-0.09349175
-0.05986919
0.129848
-0.012043
0.01101183
0.04735469
-0.07433916
-0.06448438
-0.00537406
0.1090325
0.08554301
-0.1124781
-0.1065362
-0.03775787
0.05031549
-0.01093453
0.0350233
0.03337656
-0.004918817
0.02740363
-0.003797956
0.04349127
0.103145
-0.1075925
0.07057991
-0.05915957
-0.1309284
-0.057072
0.03611442
0.02293704
-0.02946033
0.07052541
0.0129362
-0.04645962
0.1507406
-0.002673414
-0.1120097
0.03268782
0.1187827
-0.03773207
-0.03460103
0.01961532
0.09809292
-0.1417903
-0.1392888
0.06725095
-0.01649294
0.03313673
0.1255258
0.0828817
-0.06297614
-0.03983647
0.0261552
0.1586629
0.01949252
0.02192523
-0.1112239
-0.123542
-0.0804951
-0.03399611
0.02896519
0.03649001
-0.02163523
0.09426297
-0.03159575
0.08610077
-0.0208459
0.02709625
0.0960852
-0.06203984
-0.01002978
0.04388303
-0.0626099
-0.007615279
-0.006035351
-0.008471567
0.04613338
0.04038396
-0.09391518
0.04004014
-0.03012494
-0.03209884
-0.03747678
-0.07991133
-0.04240746
0.1264976
0.08664074
-0.0370245
0.08780192
-0.04786375
0.1052647
0.09171528
-0.06217808
0.1136567
-0.06734985
-0.002103281
0.02663603
0.07468905
0.05918593
0.01946081
0.03815649
0.06686912
-0.07501909
-0.0808432
0.001586504
-0.03907872
0.009087226
-0.04127043
0.03849719
0.01441394
-0.03181587
0.1390207
0.04277802
0.0651887
0.04061871
-0.01652783
-0.0001936484
-0.0199036
-0.03946343
0.1049059
-0.05220506
0.06302495
0.07388388
-0.01232639
0.04450639
-0.02511683
0.02534781
0.0540707
0.05773909
-0.0915691
-0.03573574
0.02698899
0.01651777
0.02267647
0.1640576
0.03355386
-0.1808495
-0.06807943
0.11359
0.05240899
-0.007987755
-0.05644238
-0.02861905
-0.1635788
0.04223881
0.002113017
0.05144178
-0.1223302
-0.1310959
0.02323277
0.06687482
-0.03580084
-0.02014399
0.1278372
0.02659056
-0.0534186
0.004836627
-0.1056874
0.02070767
0.02503317
0.03629822
-0.03610262
-0.1316465
0.009815151
-0.05685716
-0.03006694
-0.08598807
-0.1134279
-0.007861842
-0.01437913
-0.1159498
-0.103419
0.2341391
0.1304925
-0.1169986
0.05212011
-0.04320899
0.06372163
0.1556326
0.02667573
-0.09417974
0.0007922173
0.1276736
0.1434951
0.08557554
-0.09224934
-0.03347379
0.1068507
-0.1492609
-0.131741
0.008030096
-0.1884529
-0.01540009
0.1756091
0.04685399
-0.1398507
0.03087228
-0.03191502
-0.05138854
0.04078358
0.06598195
0.03239213
-0.1371266
-0.04179892
0.06463935
0.02026205
-0.03413722
-0.2072664
0.1022002
0.03822169
-0.06181633
-0.00897792
0.05016142
-0.1192826
0.09381279
0.02249667
0.09180562
0.1360206
-0.03376178
0.07356558
-0.07166427
0.06611031
-0.04812764
0.006010809
0.131542
0.009586466
-0.01347301
-0.01469728
-0.09458453
-0.06439953
-0.04516802
-0.01688854
0.02303091
-0.1721254
0.02876223
-0.1113723
-0.09905311
0.06502354
-0.04627395
-0.01948552
0.1509112
-0.02679157
-0.03782324
0.0450732
-0.04931652
0.0006456028
0.08634775
0.1408394
0.1091931
0.05957853
-0.1324815
-0.09421682
-0.07140761
0.04702991
0.06139831
-0.007167701
-0.0100537
0.1542451
0.01930661
-0.007552462
-0.03774193
0.009180296
0.06155634
-0.04165474
0.05457969
-0.007485404
0.01640804
-0.02780268
0.02238087
0.0207188
0.03911755
0.06958213
-0.004647982
-0.05937695
0.007052022
0.003504142
-0.01832211
0.04671204
-0.04144965
0.01074196
0.09572262
0.02254245
0.09193362
0.1232174
0.04442213
0.0570133
0.1330896
-0.02348737
-0.02508085
-0.07707325
0.04157808
0.1431354
0.0002198254
0.01923185
-0.04603639
0.07284521
0.07157213
-0.03883835
0.03398225
-0.0896892
0.09552515
0.0781086
-0.02839221
-0.07810039
-0.01774156
0.1507747
-0.0691621
0.06559562
-0.01178957
-0.042974
-0.07251734
-0.1098861
0.01353977
0.028294
-0.01633926
-0.03595411
0.03794429
0.1055466
0.03992291
0.1027339
0.05516128
-0.02463378
-0.0003783825
-0.05129901
-0.05288684
-0.0169501
0.1038581
0.00435543
0.0811621
-0.07368189
0.01675856
-0.1143135
-0.1668796
0.004602814
-0.08521853
-0.06294439
-0.05171099
0.04184124
0.09648779
0.1249123
-0.01224829
-0.05249496
0.06397078
0.06879012
0.1263373
0.05596643
-0.01456056
-0.07477484
0.01358181
-0.1223743
0.01692066
0.07294795
0.0384068
-0.03015741
-0.1260542
0.2144635
0.07466153
0.1172321
0.1588606
-0.07969978
0.04091756
-0.01566771
-0.1278184
-0.05440748
-0.005019276
-0.002489796
0.003487092
0.04928066
-0.07988518
-0.1233839
-0.09736244
0.1164587
0.07409726
-0.1824251
0.01168601
0.00348442
0.08193658
0.1259305
-0.05372098
-0.01699658
-0.09057005
-0.05901962
0.1435675
0.03311128
0.06369045
-0.1686893
-0.09086315
-0.08698086
0.04006441
-0.1547263
0.03898667
-0.04519108
0.07259301
-0.07020305
-0.1247861
0.07951178
-0.06890401
-0.08496366
0.124533
0.04970263
-0.01544264
-0.01816551
-0.08559097
-0.01606218
-0.01307638
0.0713887
0.05330278
-0.1912238
-0.04607891
0.1755195
0.0440567
0.04266021
0.06516849
-0.06835701
0.05214801
0.07946008
-0.01512912
0.004748644
-0.02406401
-0.03703796
0.07572199
-0.07806028
-0.05979057
-0.05929687
0.1237993
0.06968277
-0.1210873
0.03983043
0.1009729
0.1835852
0.05553288
-0.05999837
-0.05314215
-0.04608591
0.1140884
-0.01391148
0.1283463
0.03079752
-0.0176407
0.01101458
0.0009274481
0.09385336
0.06879024
0.02736606
0.04951404
0.1057126
0.003605064
0.02730145
-0.02797154
0.1074423
0.0006063196
0.02188721
0.07982194
-0.06368887
-0.01478111
0.02964206
0.143594
0.04742616
0.01701278
0.04388103
0.03618342
0.01908149
0.09834022
-0.0262539
-0.06716378
-0.03030791
-0.003192183
-0.01158994
-0.01495722
0.004868554
-0.0931086
-0.003909856
0.1185091
0.01465347
-0.124917
-0.07092358
0.01233868
0.03057836
0.1375065
0.01601019
-0.01341377
0.01574221
-0.1279433
-0.09160666
0.1063118
0.0166362
0.01156373
0.1036028
0.01905975
-0.05834396
-0.05241656
-0.08507504
0.06457787
-0.03490328
-0.05815373
-0.06938466
0.02988127
-0.09945301
0.01142502
-0.03286383
0.007237825
-0.04533363
0.07687926
0.03604979
0.002715441
0.1555846
0.0960445
0.1201674
0.02992956
0.02843778
-0.03136319
0.01373316
0.03593707
0.01452654
-0.05545979
0.04333531
0.07105788
-0.05609554
-0.04079344
-0.02696029
0.05739957
0.06524495
-0.003967443
-0.1454397
-0.08576825
-0.03618905
-0.02286235
0.05528679
-0.01638091
-0.06610204
0.1304658
-0.02866873
0.03493497
0.06763268
-0.1233712
-0.1095347
0.1111177
-0.05584652
-0.01254571
-0.007587564
-0.02322003
0.07900648
0.05685682
-0.08302058
0.04123578
0.03118178
0.1268416
-0.02645529
-0.0198105
-0.05606119
-0.001523371
-0.06564478
-0.04731216
-0.06083292
0.08169664
0.03244201
0.03544666
-0.03019543
0.04466222
-0.05148076
0.06097428
0.04898578
0.0645987
0.02312071
-0.005904925
0.04416591
-0.004332777
0.08991524
-0.01906442
-0.08257774
0.1100267
0.09758966
0.056908
-0.02294612
0.1478638
0.03998963
-0.056896
-0.06153354
-0.06373188
-0.0007234942
0.06502008
0.007902819
0.0557261
0.0391514
0.1087116
0.06827977
0.1241931
0.01075832
-0.05787513
-0.0187298
0.06400637
0.04171273
-0.096152
0.001935224
0.02361586
0.04968514
-0.03231212
-0.009588806
0.07601136
0.00187642
0.04677071
-0.08414921
0.09809439
0.1062913
0.01082769
0.004791395
0.08341249
-0.03453138
-0.06843465
-0.1243869
-0.06870514
0.0535758
-0.01796469
-0.07908629
-0.04504425
-0.08315657
-0.05127314
0.01511357
0.1213858
-0.0154399
0.08657541
-0.007744529
0.1435099
0.01611926
0.09823761
0.005299781
0.006043037
0.08434752
0.06940993
0.01325487
-0.04518484
0.08966106
-0.03567776
0.0372052
-0.01898284
0.07799405
0.0977584
0.01029838
0.08945303
0.0197679
0.03434698
0.02117118
0.1014628
-0.02093957
0.1424405
-0.08137596
0.06369047
-0.09743032
0.1882917
0.01296468
-0.01672954
-0.003804482
-0.02733362
-0.02098797
0.02639713
0.03644282
0.05238725
-0.1505179
-0.05547521
0.019899
0.02876202
0.02128236
-0.06401496
-0.0006994547
0.09057551
-0.01715904
-0.03073897
0.03602416
0.01754408
0.0147276
0.02957205
-0.005062646
-0.03421744
-0.01871894
-0.02691862
0.03336307
-0.1123035
0.08048264
-0.02224576
-0.01897079
-0.07982805
-0.09974515
-0.004641305
0.06002895
-0.08249689
0.02701327
0.02320403
0.0533844
0.04346659
0.04926617
0.06509119
0.01206435
0.04360629
0.02944392
-0.1450273
-0.07283414
-0.1155715
-0.05799359
0.06801296
0.02887761
0.1383836
-0.09651439
0.05581705
-0.02935846
0.01759065
0.03555962
-0.02196058
-0.06720566
-0.0722959
0.001908039
0.07097097
0.08736431
0.06665956
-0.01650418
-0.03474657
-0.1669667
-0.09695459
0.06927043
0.01071397
-0.1100843
-0.002056717
0.07357341
-0.01545841
-0.01911494
-0.06124587
0.05971119
-0.08789021
0.08743462
0.03317057
0.04151271
-0.02665992
0.02159974
0.1686461
-0.01938159
0.1497289
0.02784964
0.1028612
0.04219126
0.0170581
-0.02287041
0.01318866
0.04412958
0.007972167
-0.04530952
0.1180723
-0.03596786
-0.04814562
-0.04159728
0.09907722
0.0375631
-0.02988746
-0.04065444
-0.06886132
0.01555634
-0.03498656
-0.02636972
0.0203425
-0.03421037
0.07243299
0.01361238
0.1079263
0.05455938
0.1125601
0.07596529
0.04545908
-0.05375438
-0.04585059
-0.0006007526
-0.007033919
-0.05075896
-0.05474257
-0.1651638
-0.07547306
0.05990566
-0.09112337
0.02426353
0.07203155
0.06642591
-0.04446268
0.005198078
-0.03590481
0.1020071
0.1285487
0.008529361
-0.01007142
0.1677025
-0.06714789
0.006553412
-0.05818824
-0.01627692
0.1016089
0.1157665
0.1645383
0.02214222
-0.01854549
-0.0009100154
-0.04919076
0.03953883
0.07786146
0.1512853
0.04349658
-0.1445104
-0.03621618
0.02846455
0.01827861
0.04759191
0.005850261
-0.04267824
-0.05652305
0.04584061
-0.007025095
0.003715985
0.0593937
-0.01893238
-0.03658533
0.02372742
0.008186851
-0.01365979
0.06170236
-0.01952377
0.1708361
0.03638457
-0.07779445
-0.05710328
0.01732661
0.05114061
0.07629248
-0.1563335
0.0129146
-0.1180966
-0.03103113
0.03327563
0.1898639
-0.1341072
-0.1091794
-0.03616123
-0.1021799
0.04448399
0.08556926
-0.1857516
-0.01703242
0.001775347
-0.07373034
0.0452551
0.09249143
0.08732608
-0.06758326
-0.04272671
0.1214235
-0.02989262
-0.0110838
0.1180212
0.0314252
0.03200442
0.08873987
-0.06852587
-0.05852799
0.02207057
-0.0192586
-0.2085649
-0.07050341
-0.02323899
-0.01481882
0.1824388
0.1255622
-0.05618388
-0.04128863
-0.0646524
0.1531034
0.1138867
0.127384
-0.1128203
0.04238855
0.1196273
-0.1163873
0.05230751
-0.002269977
-0.03955664
0.02296254
0.07946002
-0.08459823
0.04003587
-0.0782752
0.00587313
0.1129539
0.1458865
0.04348907
-0.09725446
-0.05961032
0.1146901
-0.1522382
-0.009096875
-0.05470428
-0.1253477
0.1352345
-0.04537943
-0.02785924
0.05740886
0.02868009
-0.04241131
0.06489049
-0.01308607
0.03497357
-0.01720384
0.06318422
0.006616598
0.1108678
0.04837434
-0.05963016
-0.03315883
-0.04034513
-0.0579037
-0.1057094
-0.1227391
0.08854379
-0.06792249
0.02374041
-0.02199817
-0.1030087
0.1241889
-0.05527682
0.02365531
0.06682741
-0.006401034
0.08235567
0.009160051
0.04222976
-0.01686742
0.007859178
-0.1950811
0.02245195
0.06967949
0.1391021
0.07103799
0.01562429
0.05844656
0.04813036
-0.03639359
0.07317783
0.008199543
-0.05606202
0.03511348
0.1095983
0.08924063
-0.1258005
-0.1387259
-0.08153227
0.0622218
-0.157198
-0.005816368
0.0120835
0.09260604
0.06620876
-0.03620465
0.02413562
-0.08633605
0.04750704
0.07880383
-0.03188948
-0.0609721
0.1187884
0.03908598
-0.02954377
0.02344366
0.084742
-0.04346269
0.04505497
0.1662489
-0.08429568
-0.1159189
0.06709556
0.12345
0.05758997
-0.1236908
-0.1250508
-0.01677989
0.03625003
0.09531872
0.08068311
0.04356721
0.04361957
-0.0499595
0.01628355
0.09331124
0.09013644
-0.03057216
0.03296303
-0.01209509
0.02852763
0.007462298
-0.004331004
0.07030363
0.04939932
0.0006671127
0.04009623
-0.08286613
-0.09986615
0.07134037
-0.04820193
0.02199964
-0.08790624
-0.03648434
0.007938082
0.01555523
-0.09498068
-0.1233591
0.0005711979
0.0445054
-0.07606158
0.0428368
0.1047708
-0.1399307
0.04236692
0.001692486
-0.04917239
0.1279783
0.1651081
0.0594437
0.05215904
