-0.0227325465530157
-0.123025886714458
-0.0662123635411263
0.0720221325755119
-0.0819616466760635
-0.0796076580882072
-0.0544872283935547
-0.0732201188802719
-0.0671981200575829
0.0790574997663498
-0.101630829274654
-0.0978017523884773
0.048246718943119
-0.0780191421508789
-2.31472749874229e-05
0.126000747084618
0.0368738025426865
-0.120606139302254
0.0179936867207289
0.0367362201213837
0.0308399125933647
0.0167586002498865
0.0780130252242088
0.037015151232481
0.0589490979909897
0.033760379999876
-0.0447620041668415
0.111528515815735
-0.115420535206795
0.0465877801179886
0.0196548644453287
0.115953773260117
0.0585168711841106
-0.00586943421512842
0.00773692084476352
0.046340748667717
9.02522515389137e-05
-0.0473514385521412
0.015796460211277
-0.10107434540987
-0.114053778350353
0.0585972778499126
0.00762026105076075
0.0291977636516094
-0.0277178026735783
-0.0737060904502869
0.0957511737942696
0.0519086681306362
