1.05155062675476
0.895216763019562
0.978725373744965
0.988957047462463
1.0530196428299
1.01911699771881
0.999448716640472
0.912402093410492
1.05547642707825
0.959873259067535
1.04202651977539
1.10452699661255
0.972920060157776
0.962240695953369
0.863205075263977
0.986153125762939
1.00035035610199
1.05169153213501
1.01625192165375
0.942191958427429
0.994166135787964
1.02953147888184
1.02963423728943
1.03427517414093
1.04793643951416
1.0708794593811
0.964918851852417
0.995112001895905
1.01248109340668
1.00188493728638
1.06348955631256
0.93357926607132
0.952752113342285
1.07074737548828
0.932547807693481
0.957232475280762
1.04883444309235
0.973590910434723
1.01218938827515
1.02002954483032
0.96275395154953
0.896640121936798
1.00235259532928
1.0082802772522
0.968667984008789
0.957552134990692
0.956195771694183
0.98679906129837
