-0.5154805
-0.1053465
-0.610979
0.2954788
0.1977859
0.2905952
-0.08295069
0.0516389
0.1691979
0.1848037
-0.0974251
0.05911076
-0.0927802
0.1066693
0.4455201
-0.3634318
-0.1565226
0.3519708
0.1433791
-0.06392572
0.6792384
0.4297558
-0.8427216
0.3592215
0.007734356
0.1928321
-0.3977985
0.392059
0.4028006
0.01555331
-0.1850444
0.4338264
-0.08683653
-0.7571526
0.1683074
0.4695564
-0.03479136
-0.006286495
-0.0882677
-0.211855
-0.5169364
0.493746
0.3270081
-0.07350781
0.2010782
-0.341077
0.2384553
-0.2050629
