0.3275577
0.1571252
0.3373492
0.0920397
0.3165705
0.188814
0.2350327
0.1522615
0.06351533
0.08555138
0.4831713
0.4194367
0.1567174
0.1583742
0.08007523
0.3421047
0.2523079
0.3706161
0.3390363
0.2107057
0.1447427
0.3755479
0.2814254
0.2329751
0.3517496
0.3775351
0.3731667
0.4820058
0.2769627
0.1638446
0.5024513
0.08294
0.2027942
0.4747904
0.09246472
0.1057776
0.3311431
0.167579
0.3177069
0.2800612
0.2460078
0.1203788
0.07566065
0.245224
0.1268034
0.1949663
0.1121568
0.2529382
