-0.163955301046371
-0.125599250197411
-0.0433119386434555
-0.0717828199267387
-0.0186525657773018
0.0358572788536549
-0.0882688835263252
-0.112486369907856
-0.0678126588463783
-0.114165998995304
-0.118220254778862
-0.0842569470405579
-0.0969939604401588
-0.149324178695679
-0.0724297314882278
-0.154283046722412
-0.120221219956875
-0.0642481744289398
-0.0462549440562725
-0.148763865232468
-0.126939088106155
-0.162058591842651
0.0322009287774563
-0.0221098940819502
-0.0994671955704689
-0.0104160057380795
-0.147655457258224
-0.0821391418576241
-0.0660743787884712
-0.0758280828595161
-0.184125170111656
-0.127805948257446
-0.0375751219689846
-0.114786744117737
-0.12385868281126
-0.0515896491706371
-0.195278435945511
-0.0988967344164848
-0.0418984517455101
-0.135863035917282
-0.0590851679444313
-0.0792459547519684
-0.0725723430514336
-0.123737722635269
-0.186252817511559
-0.051893875002861
-0.0482637286186218
-0.0648029819130898
