0.07917497
0.008328041
0.03736121
0.0967138
-0.001462954
-0.1118622
-0.03148874
-0.0470145
0.08072096
-0.0792972
0.04548231
0.06228454
-0.03909313
-0.006469632
0.01838095
0.0949233
0.04066107
-0.06969789
-0.09233051
-0.01088241
-0.1858121
0.1576995
0.06729412
0.06767594
0.03272675
0.04892799
0.1986688
0.008105829
0.06379561
0.045764
0.06336122
0.09036265
-0.02909287
-0.08501443
-0.02139983
-0.0692743
-0.05080957
0.01988726
-0.006731304
-0.07081625
-0.05374357
-0.09908888
0.02417466
0.1104889
0.03663942
0.05098832
-0.09131097
-0.1271974
-0.06710023
-0.02421865
0.0136279
-0.0593922
0.0792181
-0.07126722
-0.0282707
-0.005343686
0.01605411
0.05817919
-0.07930021
0.1124773
0.02216858
0.01860197
-0.03637127
0.01584353
0.09398187
-0.07907377
-0.07467249
0.06996865
0.03581756
-0.09576324
0.05875743
0.04533973
0.05308051
0.0341785
0.1154078
-0.06973956
-0.05715116
-0.04975206
0.05461592
0.08839518
0.1092336
-0.01336519
0.09324625
-0.003058514
0.1370742
-0.03553079
-0.1031105
-0.01923047
-0.05304092
-0.02415379
-0.01416621
0.009529605
-0.01657669
-0.02062787
0.0960556
0.06838261
-0.07880096
0.07284107
-0.06358878
0.07045078
0.1068031
0.009109854
0.08217419
2.74507e-05
-0.0213114
-0.08494353
0.1177651
-0.03421272
-0.008846846
-0.002568956
-0.09509476
-0.100967
-0.057445
0.01761137
-0.05414017
0.05521681
0.001168248
0.07427506
0.01771149
0.0536559
0.1195916
-0.05320853
-0.04118697
0.007182955
0.00126215
-0.02745404
-0.008374415
-0.04541461
0.05816483
0.0960997
-0.004979349
-0.08421632
-0.06037521
-0.03367237
0.009192789
-0.06995847
0.09769482
-0.0213692
0.06855228
0.03754951
0.06670203
-0.0101037
-0.08714248
-0.02280249
0.1136131
0.0583627
0.08201124
0.06187293
0.06285789
0.06959704
0.08978993
0.001867145
-0.01989922
-0.08071243
0.002824296
-0.005677587
-0.06672443
0.03026846
-0.1009426
0.02815848
0.04449991
0.1194102
0.003088121
-0.04316609
-0.07199702
0.0225018
-0.08821859
0.03145351
0.02621464
-0.02965808
0.08281191
-0.01290468
-0.09279659
-0.1063164
-0.006183466
-0.07960872
0.02939645
0.03231764
0.01330931
-0.007010038
0.06968369
0.04804887
-0.0458165
0.001605209
-0.0005989707
-0.07237621
0.08907767
4.580238e-05
-0.0168705
-0.01910243
0.0481632
-0.1101402
0.02729603
-0.1292409
0.04767398
-0.06039626
-0.03488052
-0.001204786
0.03173758
0.1210049
0.05646007
-0.03653493
0.0275351
0.08209031
0.04157522
-0.05866744
0.06678302
-0.04339912
0.003592791
-0.07015492
0.07166044
0.007121573
-0.07530906
-0.0502677
0.08842636
-0.1305296
-0.1401972
-0.1144803
-0.02829699
0.07112445
-0.09233518
0.03156304
0.02419598
-0.00716147
0.04040461
-0.1341018
0.07153706
0.0776441
-0.08121006
-0.1264447
0.1051691
0.09359853
-0.06343786
0.07281896
0.07122671
-0.04186729
0.01137772
-0.06879736
-0.07326891
-0.09370017
-0.001916693
-0.01116011
0.04683796
0.02229585
-0.06313399
-0.04370295
-0.0352511
-0.04612315
-0.005163425
-0.02460533
-0.03627794
0.006086483
0.03335463
0.1118724
0.02605942
0.09467531
0.05038161
0.08222189
0.1404405
-0.02517977
0.006616036
0.04145346
0.09956744
-0.02762807
-0.1146604
-0.04121768
-0.1214581
0.08305912
-0.07300778
0.1088587
0.02379546
0.02011403
-0.1188463
-0.09311145
0.01103493
-0.0386153
-0.1247715
-0.06493623
0.04644561
-0.02718375
0.1052022
0.06003067
0.1269816
-0.1085216
-0.08363456
0.0764569
-0.0002412609
0.02102772
-0.06646915
0.00873681
-0.04823563
-0.02051817
0.0359231
0.09817894
0.08447348
-0.02006171
-0.02724134
0.02018485
-0.03687682
0.08813954
-0.06306981
0.06109899
0.0304292
-0.01141997
-0.07074057
-0.003507513
-0.02060526
0.0002289373
0.04555569
0.02704263
-0.07043297
0.0408073
0.03345181
0.06972454
0.09095261
-0.08862998
0.04785483
-0.1208951
-0.02135332
0.01214531
0.1089233
0.076516
-0.02899825
-0.07186197
0.07456596
-0.006693316
0.0023503
0.05539002
0.01948458
-0.05801696
0.008383513
-0.06814031
-0.09643847
0.01743256
0.05211681
-0.09554134
0.006038611
-0.03188252
0.03701787
0.02411817
0.03328801
0.1241286
-0.1230673
-0.01612103
0.05072378
0.1370113
-0.006352204
0.04271054
-0.02504416
0.0837887
0.09849767
-0.1008947
-0.03656017
-0.004323916
0.001784907
0.09121159
-0.09894202
0.04390772
-0.0727739
0.07079183
-0.05632013
0.1037217
-0.06528244
-0.02821169
0.01061457
0.0217117
-0.002504673
0.0320983
-0.03003015
0.08236071
0.05044505
-0.08114948
-0.03216459
-0.05137108
-0.03281485
-0.01048566
0.0478428
-0.0760741
-0.05004971
-0.02933408
0.01252212
-0.003160492
0.1145191
0.08458169
0.07492765
-0.08496581
0.1243485
0.01036286
-0.03443471
0.06050436
-0.01653806
0.06116948
0.01830758
0.08277395
-0.01329842
-0.07819667
0.04192019
0.09206755
0.07209314
0.1136087
0.04724355
-0.01004681
0.0433775
-0.02554893
0.06947124
-0.0308914
0.003479881
0.05096488
-0.01988267
-0.03721349
-0.04800845
-0.0928413
-0.02696335
-0.00163514
-0.1288249
-0.008605764
-0.1082396
0.01292097
-0.08593581
0.07441408
0.02348012
-0.08841589
0.05242236
0.01014956
0.08496494
0.0673015
-0.007205886
-0.1236927
0.05042146
0.04595544
0.1270536
-0.08528847
-0.04499792
0.0219223
0.0241569
-0.009597297
-0.01615436
0.01558685
0.05043722
-0.0206388
-0.05718198
-0.0007077751
-0.02500744
0.1198534
-0.006097276
0.04736423
0.1490363
-0.06594278
0.00225476
0.008076932
-0.06353567
0.04967402
0.09347726
-0.008522594
-0.02773402
-0.07672147
0.03473081
-0.06381463
0.08978925
0.001009181
-0.06141081
-0.08139794
-0.0006388828
0.09795081
-0.01213347
-0.02874781
-0.05297494
-0.04593782
0.1018139
-0.06920417
-0.04732601
-0.05499215
0.07216433
0.1285105
-0.05871271
-0.03982483
-0.06326391
0.1105407
0.09088048
0.08718431
0.02927046
-0.03018004
-0.01800131
-0.1401311
-0.08657779
0.09942002
-0.1205879
-0.008980963
-0.01158709
-0.05907243
-0.130743
0.03316119
-0.001208385
0.1520589
0.02298352
-0.06032401
0.0760688
-0.1106302
0.02392921
0.005469861
0.09371461
-0.09221379
0.01175899
-0.0971921
-0.1255512
-0.105762
-0.01145357
-0.04139187
-0.02724645
0.00272179
-0.04969474
0.02755335
-0.1285771
-0.2128884
0.1138199
0.09191706
-0.01166333
-0.05537466
0.03828688
-0.03415958
-0.06310432
0.07668725
0.04158156
-0.02888092
-0.09028751
-0.05006539
0.05468522
-0.1114208
0.04840738
-0.01201702
0.0105604
-0.06942516
-0.02947863
0.1214755
-0.09319289
-0.02330531
-0.02173596
-0.04192134
0.004980389
-0.06424386
-0.09732768
-0.005463298
0.03303435
0.1599429
0.07635813
0.07631339
-0.08269547
-0.1206086
0.05818366
-0.02102925
0.1146971
0.07807577
-0.056386
-0.03864791
-0.04766008
0.07073733
-0.1448987
0.1031712
-0.05725108
-0.05169191
-0.06313431
-0.03193928
0.05765603
0.04776813
-0.1451024
-0.1141452
0.1323722
-0.006028732
-0.02375469
0.09689764
0.1055951
-0.01354279
-0.05369568
0.00230984
-0.05600757
0.04152116
0.03819799
0.04924625
-0.01932258
-0.02581243
-0.02007886
0.07757653
0.02433925
0.07207269
0.05379798
0.1246285
0.02780172
0.1200539
0.0700854
-0.08235668
-0.02590361
0.03019186
-0.05799569
0.01619623
-0.07727572
-0.03060441
-0.03493105
0.1078531
0.007784559
-0.001172484
-0.07409859
-0.03479215
0.05376591
-0.1109725
-0.06229227
-0.1090546
0.02545517
0.121013
-0.07861099
0.050151
0.07121938
0.03126518
-0.09527522
0.001938166
0.02856032
0.06072798
0.08249512
0.0005618031
-0.1401507
0.005430456
-0.001070833
-0.01595508
-0.009534562
0.0158589
0.01935958
-0.004849169
-0.05204311
0.08464113
-0.0009190709
-0.09327752
0.02379331
-0.03988082
-0.1138467
0.06963035
0.0656341
-0.05398728
-0.07554661
0.07409739
-0.001651682
-0.04751955
-0.07196911
0.08227425
-0.01720553
0.06452777
-0.03241197
0.09751257
0.02689621
0.07259441
-0.01101703
0.08156276
0.0868823
-0.05107435
-0.02035585
0.01377511
0.1140587
0.06338561
0.01618165
-0.1171457
-0.02523898
0.03435384
-0.02722256
0.002287279
0.000154904
0.05038254
0.04338516
0.1040771
0.07507089
-0.05380079
-0.04955348
0.05399175
0.02119885
0.0560724
0.07171346
0.04146821
-0.002641265
0.05919455
-0.07123651
-0.07839965
0.09812768
0.02027537
-0.07992133
0.08278012
-0.07687212
-0.0601223
-0.04271061
-0.0009285114
-0.01333399
0.01370362
0.06080553
0.1228681
0.07301998
0.1012637
0.07304315
0.10468
-0.008893637
0.06775077
-0.02620847
0.04520676
-0.05548706
-0.1026721
0.06567225
-0.0137741
-0.03012126
-0.02487018
0.03010652
-0.02391393
-0.03591786
0.01183473
0.0339731
-0.0118244
0.06704153
-0.03866615
0.1005341
-0.001911611
0.02307119
0.0490324
-0.1325445
-0.02817066
-0.07862905
-0.06388945
0.001973945
-0.02293333
-0.01322968
-0.02335661
0.09915387
-0.05170489
0.08257667
-0.09854954
0.07490305
0.01009066
-0.03726797
0.03466692
0.01201438
-0.1036847
-0.04555545
0.0698373
0.003308536
-0.08058862
-0.2017875
0.06609867
-0.09813246
0.09884617
-0.02122484
0.01513024
-0.02817778
0.05332278
-0.02296644
-0.1278817
0.01494897
0.001543668
0.02481239
0.07314955
-0.06718111
0.03169525
-0.01273697
-0.1089979
-0.09730725
0.06696033
-0.02554261
-0.1743551
-0.04503288
-0.1110201
-0.0664758
-0.02175856
-0.009905103
0.006199944
-0.003553796
0.05329556
-0.01390248
0.04238913
0.05333035
-0.009879801
0.006262672
0.01416287
0.003168363
-0.1081411
-0.06260909
-0.01361865
0.07841861
-0.0328854
0.09453977
0.07116893
-0.08991513
-0.06063391
-0.04422333
0.05286466
-0.09505522
0.02205086
-0.02441683
-0.06588411
0.03010133
0.09889589
-0.002750709
0.02789941
0.02771445
-0.07888017
-0.0445386
-0.002834283
0.04785739
0.0814735
0.1148172
-0.01326401
-0.1080341
-0.07602053
-0.04215893
0.08977991
-0.005973144
0.02977556
0.07100675
0.02866216
-0.0405223
0.1087517
-0.1126901
-0.1042355
-0.04851962
0.1249679
-0.0401653
-0.02363246
-0.05876144
-0.01166997
-0.03531887
0.06953296
0.03668811
-0.005402619
-0.1061371
-0.04808901
-0.07108306
0.004345898
0.08800381
0.1292735
0.147692
-0.03817559
-0.02175559
-0.002106853
0.1059265
-0.1117636
-0.09317059
-0.02578899
-0.04999572
0.02923115
-0.02996453
-0.01335418
0.04458847
0.02549385
0.05022904
0.08545074
-0.07898256
-0.01490006
-0.1200912
-0.1222242
0.01421683
-0.06246945
-0.006872229
-0.1273673
0.1361388
0.1036693
-0.1262169
-0.0128153
0.05367835
-0.124656
0.0629549
-0.01396631
0.05804482
-0.1408579
-0.04287413
0.01763559
0.04273539
-0.1124785
-0.1166668
0.07158982
0.02092529
0.003849506
-0.03208685
0.05072462
-0.02463241
-0.09156767
0.03085058
-0.07977132
-0.02661259
0.08403849
-0.0486992
0.09172798
-0.003551916
-0.1049836
-0.003009247
-0.02230813
0.01245092
-0.0434239
-0.1322814
-0.1007846
0.00772992
0.03555772
-0.1210766
0.08191964
-0.137981
-0.07571288
-0.02929731
-0.08429091
0.03505594
0.1226037
0.09880792
-0.003942678
0.0990811
-0.1029259
-0.05046814
0.005967345
-0.06354272
-0.03853386
0.004237393
0.04896882
0.02355945
0.004104336
-0.0504237
-0.04008304
-0.0838156
-0.0611431
0.02403073
0.09086763
0.003163925
-0.03738724
0.02088592
0.1035667
0.05526255
-0.1116754
-0.001148212
-0.07098135
-0.009751261
-0.004816882
0.009405773
-0.01115083
-0.04697174
0.04872816
-0.1465094
0.04890908
-0.100742
0.09850821
0.1346732
-0.019083
0.02958963
-0.04744222
0.02345434
-0.006183244
0.004181432
-0.02259905
-0.03113218
-0.05232988
-0.08510324
-0.08431385
0.08916868
0.00841493
-0.03354321
0.0552204
0.01944353
0.03069468
0.08090365
0.02124997
-0.07567511
0.1346418
-0.06992646
0.03077644
0.1222663
0.04591521
0.005663497
-0.01800014
0.08483147
0.0860014
0.1075658
-0.02998653
0.073992
-0.04670532
0.03512688
-0.125523
0.04985298
0.04194158
0.01971788
-0.1092742
-0.01842299
-0.01920857
-0.065334
0.1263102
-0.001235207
-0.07758043
0.02012599
-0.05023975
-0.07059673
0.04426051
-0.01014261
0.02053325
0.01251822
0.05075298
0.1496931
-0.08874001
-0.0489358
0.03363949
-0.01176449
0.04081975
-0.04758922
-0.05235292
-0.01652399
0.06420019
0.05546326
-0.00325324
-0.02077254
-0.03186049
-0.05648297
0.1052648
0.1100885
-0.07872584
-0.03047265
-0.0726883
-0.03059913
-0.0837838
-0.08897342
0.002418157
-0.04429913
0.04931388
0.04467763
0.08372758
0.020496
0.0283181
-0.0151007
0.1235845
-0.003713765
0.02183207
0.03008197
0.08635977
-0.05819077
-0.07283102
-0.02862622
-0.003198524
0.02344058
-0.1334906
-0.03895553
-0.1566239
-0.1430662
0.08906805
0.03243207
0.08599662
0.05749657
0.03780376
-0.03519543
-0.07301992
0.1402973
0.1204424
-0.04613123
-0.06412939
0.0661383
-0.002296578
0.001995064
0.1480237
-0.06537396
0.04798562
-0.05474825
-0.0922011
0.05957658
-0.05138892
-0.06620411
0.06531356
-0.134446
-0.0252383
-0.01764417
-0.1186478
-0.0635431
0.03376926
0.01424195
0.002869708
0.1415975
-0.03945202
0.04103348
-0.1509553
-0.1152691
-0.142539
0.03040022
0.03041293
0.0006717253
0.0838584
0.04940306
0.03478963
-0.01201525
0.08613019
0.05468166
0.1299803
0.02137498
-0.1091382
-0.08869854
0.07407748
0.01242235
-0.06657966
-0.1366269
0.07357834
-0.08052955
-0.09590007
-0.1217837
-0.01485983
-0.08486131
-0.01585621
-0.1276089
-0.1425976
-0.08637704
-0.06236655
0.05857479
-0.04743785
-0.05426108
-0.07535458
0.05293842
-0.08089583
0.1212661
0.0353834
-0.02282356
0.05973817
0.01813301
0.05317912
-0.02210876
-0.01159094
0.02672622
-0.1109845
-0.008487625
-0.04167739
0.009468843
-0.06373047
-0.01460873
0.1198007
-0.01917971
0.05341598
0.03242148
-0.061548
0.1248385
-0.07609522
-0.1151367
-0.07209167
-0.05926748
-0.02069357
0.05400008
0.004171581
-0.02730414
0.007723126
-0.1103487
-0.08650699
-0.06369894
0.09687178
0.04300936
-0.1178207
0.08286854
0.1302125
0.06627554
0.005768084
-0.08290882
-0.07354363
-0.07542875
-0.06104868
0.1121178
-0.01660528
-0.004606001
-0.1162743
0.008231577
-0.01205994
-0.02615686
-0.04067402
-0.05814051
-0.05551265
-0.08173522
-0.05767805
-0.07738594
-0.01903009
0.07189912
0.02290377
0.07987694
0.05297226
-0.05443817
-0.04750711
0.08291676
-0.006984472
0.04395812
0.002724049
0.07997922
0.005910689
-0.0427965
-0.03523355
-0.1246564
-0.05417614
-0.06954785
-0.005685217
0.01803849
-0.0881767
-0.01389982
-0.08348296
0.1357507
-0.06050124
0.02005312
-0.1028385
0.006894616
0.09013376
0.0168932
0.06334483
-0.0294744
-0.05376645
-0.1088745
-0.07905566
0.1047456
0.001967153
-0.1113798
-0.03891413
0.01229253
-0.04486582
-0.003319707
-0.007777316
-0.1112383
0.1086172
-0.07586389
0.06865905
-0.04908656
-0.003124896
-0.1094131
0.01614568
0.0549215
0.05917834
-0.03999129
-0.008194419
0.03380779
0.05668332
-0.05338561
-0.06460042
0.06960177
-0.08799651
-0.130282
-0.01795466
-0.1163234
0.1234876
-0.07492889
0.1096656
-0.03670156
-0.07247894
0.02886702
0.02438691
0.02156454
0.1122562
-0.02391958
-0.02985487
0.06624787
-0.0398416
-0.04365848
-0.02721564
-0.01687099
-0.06894517
-0.02921992
-0.05832982
0.01148766
-0.01186791
-0.06752204
0.09603612
-0.1040014
0.02591106
0.0881125
-0.1001499
0.1124397
-0.1066727
0.08557556
0.086017
-0.04372089
0.002188591
-0.06228117
0.05637009
0.04070995
-0.05589495
0.1136988
0.06020359
0.009509983
-0.07842536
0.04510987
0.09352718
-0.05175684
0.06937706
0.04079756
0.0582211
0.05667451
-0.09261288
-0.09399492
-0.06962162
-0.0575857
0.03200279
0.002116433
-0.008773178
-0.08454081
-0.09653018
-0.0009603261
0.08798078
0.01591804
0.01474703
-0.09114709
0.05173504
-0.07569042
-0.0560859
-0.008662466
0.07565587
-0.06346525
0.00706829
-0.02885121
0.02765142
0.02901268
-0.08839402
-0.1153385
0.06175981
-0.03736619
0.06066415
0.04901413
-0.01672619
-0.09612307
-0.02215634
0.1210987
-0.03562653
0.007085529
0.07077038
-0.05236355
-0.1037026
-0.01024269
-0.02082619
0.01418295
-0.08221482
-0.03049318
-0.01874663
-0.07535539
-0.1132086
0.01509209
-0.07384899
-0.1307964
0.06657602
-0.04156877
0.04055826
-0.0188469
-0.114365
-0.00731143
0.1082824
0.0770478
-0.005529819
-0.03201002
0.1121887
-0.0789848
0.09764955
-0.01823476
-0.09113636
0.01230618
-0.06299835
0.01780839
0.02462304
0.01359443
-0.08245208
0.1394142
-0.04950633
-0.07423158
-0.02070129
-0.01513223
0.07698285
-0.0877071
-0.0905858
-0.1027452
0.02978033
-0.04043595
0.01003969
0.1157913
0.08938774
0.05628362
-0.001664467
-0.04289996
0.02709648
0.06257263
0.06391945
0.09262757
-0.03083084
-0.03472245
-0.08380305
-0.00950473
-0.02858887
-0.05944479
0.01597907
0.06060717
0.03553592
-0.05822199
-0.06365126
0.0611538
0.1220935
0.1109883
0.01777123
0.09317694
0.002518647
0.01493516
-0.04179458
-0.01718136
-0.01663136
-0.01414144
-0.04929545
0.067767
0.04691197
0.07782245
0.07374034
0.01076902
0.08146156
0.02910881
0.06274762
-0.069701
0.04548683
-0.1170288
0.1050037
-0.01793546
-0.04207583
-0.1244339
0.01448215
-0.04933948
-0.0384465
0.0847861
-0.04075501
0.06946121
0.04154531
0.03936812
-0.01948144
-0.09901639
0.02382766
0.009229062
-0.01515653
0.01743758
0.0676597
0.05572437
-0.02615476
-0.05131815
0.1204392
-0.0007763894
0.09726101
-0.001422937
0.03417972
0.04417824
0.04107099
-0.0120094
0.1007305
-0.004514928
0.1194954
-0.1034221
-0.05217369
-0.004729613
0.06411722
-0.07300844
-0.07997169
-0.0363841
-0.05832155
-0.01394592
-0.06130132
-0.1100736
-0.05799487
-0.01069564
0.05958793
-0.02451152
-0.05437324
0.01618522
-0.02943952
-0.0578471
0.04504992
-0.007967968
-0.04378641
-0.0007626561
0.02517079
0.02963257
-0.05787286
0.1347271
0.01616503
0.007297044
-0.1660343
0.003262559
-0.1512298
-0.03822486
-0.001313711
-0.10151
-0.06592248
-0.06687104
-0.03356139
-0.06343994
-0.09292752
0.05713369
0.00595965
0.04722964
-0.02907771
0.114771
0.06439445
-0.0198872
0.03327283
-0.04260662
-0.01342366
-0.01954199
-0.09970462
0.03711963
-0.001319521
0.1222942
-0.02615528
-0.03910566
0.03120726
0.09903414
-0.04733424
0.1052977
0.1013792
0.007240862
0.1010096
0.04415052
-0.05365133
0.08725765
-0.06062088
0.09672453
-0.004070992
-0.0429203
-0.04018036
0.02401764
-0.07076206
0.01269813
-0.02642575
-0.04247559
-0.002077354
0.03373933
-0.02089759
-0.02010741
0.02226041
-0.06088988
-0.01809884
-0.03717436
0.05345339
-0.03107856
-0.01713022
0.09342074
-0.03678855
0.09815156
0.01842212
-0.02946358
-0.01052056
-0.1798308
-0.02235099
0.07488135
-0.02226838
-0.08303145
0.01127832
-0.00267253
-0.01831032
-0.04057869
-0.04012974
-0.01444656
0.02698497
0.05007466
-0.02915323
-0.04544979
-0.03485817
0.002427337
-0.09345385
0.07449007
0.136126
0.09974095
0.05605171
-0.01546821
-0.1261841
0.03554985
-0.02544005
-0.05033668
0.01958698
0.08751986
0.004189386
-0.0182454
-0.04482092
0.04130359
0.107773
-0.05124848
-0.0246608
0.01265527
-0.05791991
-0.06360278
-0.008201564
0.075904
0.04532916
0.05999216
-0.1027116
0.09106342
-0.004763463
0.02609193
-0.005666182
-0.04624379
0.04735044
-0.0695798
0.004786341
0.04867031
0.102686
0.05198038
-0.02276509
-0.02224537
-0.01388322
-0.01847428
0.110656
-0.012331
0.04445093
0.04628601
-0.01041346
0.005965777
-0.1445376
0.08532217
-0.02677398
-0.08876626
-0.1039358
-0.08622089
-0.04101488
0.04020093
0.01127424
-0.09798203
-0.05371581
-0.05419749
0.06058871
-0.08715747
0.04081754
-0.001716171
0.04150062
0.1052475
0.04454572
0.02055463
-0.07208421
0.06890821
0.02408038
0.1448403
0.01031469
-0.007806536
-0.07079652
-0.0360915
0.01283505
-0.1326116
0.1052573
-0.1091432
-0.02192897
0.0007968933
0.1207882
0.07746198
-0.005513395
-0.04061332
-0.04448006
-0.003503086
0.017234
0.0821534
-0.074857
-0.04966965
-0.04062822
0.07361883
0.02287128
-0.07936013
-0.06263226
-0.1114881
-0.1170785
0.07096474
0.04099332
0.0003532819
0.06501558
0.1010894
-0.003300108
-0.04243257
0.1576249
-0.07253056
0.01451454
0.01629133
0.1056468
-0.02299882
0.05184835
-0.06300937
-0.03510356
0.1117293
-0.09539051
0.07315389
0.07985475
0.02663469
-0.1252183
-0.04291768
-0.08258899
0.05480653
-0.03991908
-0.01303977
0.009685975
-0.01388867
-0.03062659
0.04032675
0.04531802
0.05786587
-0.01748109
0.05832244
0.02756117
-0.05876597
0.03861081
0.03324072
0.0526441
-0.006822368
-0.08839679
0.01199224
-0.03113172
-0.03686246
0.07354127
0.01815754
-0.03498467
0.1076316
0.0732787
0.07738408
0.09423678
-0.06566732
-0.06191975
-0.06358282
-0.08904609
0.04028767
-0.03018619
0.03778921
0.08159415
-0.04425975
0.0978172
-0.05539336
0.06433197
-0.004416196
-0.03246272
-0.04943384
0.06897361
-0.0001801243
0.02197459
-0.02114308
-0.03301008
0.004488427
0.05141745
0.03953469
-0.05722199
0.03267435
0.06721068
0.002384179
-0.02618505
-0.1161197
-0.07744471
0.02715407
-0.05856299
-0.06217989
-0.04863566
-0.009270973
0.0001994184
-0.003998233
0.1066992
-0.1456821
0.09537407
0.02226171
-0.06076974
0.02211408
-0.06826022
0.001953202
-0.002685908
0.07641532
0.05006405
0.06694762
0.01808578
-0.07865967
-0.08581238
0.0617146
-0.003766062
0.0001427606
-0.1178287
-0.1492153
-0.1262875
0.01335709
-0.01417667
-0.09997159
0.1182933
-0.09264385
0.03152104
-0.1529834
-0.1557058
0.1444889
-0.02594386
0.03170836
-0.1415937
0.05210346
-0.001003591
0.04442096
0.03366065
-0.07784459
-0.1403684
-0.1272578
-0.06974454
-0.001643478
0.06861597
0.04588467
0.0399173
0.01958246
-0.09279294
-0.002283891
0.05786303
0.001327685
-0.06094767
-0.04080039
-0.05286409
0.04364194
0.02214573
0.09811889
0.09395949
0.01063864
-0.01752391
-0.006938057
0.1147384
0.0496418
-0.03117168
-0.06201647
-0.0538007
0.06231305
0.0169175
-0.08962638
-0.02588005
-0.04240232
-0.01589143
-0.05929741
0.0233202
-0.001800103
-0.08300258
-0.01639676
0.002259451
0.1007298
0.0268002
-0.04933761
-0.08951202
-0.04609917
0.06511663
-0.06927742
0.02797819
0.1418966
-0.08581924
-0.1399752
-0.02350027
-0.06816546
0.07426606
-0.03857294
-0.00252094
0.1311459
0.01511482
-0.09318995
-0.03641394
-0.09448609
-0.04749859
-0.01329462
-0.09950197
0.04079554
-0.01353601
0.03643242
-0.03444926
-0.05745827
-0.01729129
-0.07618013
-0.02499596
0.01102947
-0.05223198
0.04987358
-0.1161542
-0.02072116
-0.1602258
-0.1018234
-0.05334267
0.02714949
-0.007362023
-0.08071396
-0.05617253
-0.1395466
-0.1125556
-0.04701286
0.007118459
0.05900649
0.09148755
-0.02148146
-0.2045369
0.07500613
-0.01047583
-0.08262869
0.07188969
-0.02169642
-0.1206847
0.006097817
0.04215467
0.02952548
-0.06536987
-0.07275027
0.1367614
0.005549625
-0.07926802
-0.008361909
0.06541436
-0.0180175
-0.05789163
0.1003006
0.09750299
-0.03348622
-0.06770906
-0.04774088
-0.05681158
-0.0973344
-0.009267761
0.04661241
0.09842886
-0.1076469
0.1000122
-0.07490564
-0.05643531
-0.106008
0.06427455
-0.06795534
0.03302019
0.1129893
-0.07205749
0.1286227
-0.1301252
-0.08956037
0.02366514
-0.01925326
-0.04370549
-0.006440367
-0.08153529
-0.05821879
0.05637182
0.01471235
0.09676101
0.03801209
0.02609629
-0.04066347
-0.04687603
-0.1375294
0.1028674
-0.0545589
0.07170681
0.0482261
0.005779961
0.0469305
0.01411463
0.06671918
0.04517224
0.05005381
0.1113169
0.04298543
-0.05881872
-0.01966697
0.05206407
0.0547917
0.1011088
-0.06122378
-0.003218086
0.09614997
0.03142878
-0.04344145
0.07253475
-0.0695098
0.01706412
0.02498157
0.1152996
-0.04811687
-0.05353085
0.0583025
0.01710186
-0.05804269
-0.1031919
-0.001922376
0.01836467
-0.02090424
0.07609923
-0.05645863
-0.05500283
-0.01720283
0.0486828
-0.1124173
-0.05992315
0.07147451
0.04849057
-0.04580331
-0.05904453
0.06165776
0.09105162
-0.09161513
0.03206341
0.04265652
0.05049215
0.007274702
0.008376048
-0.01906288
0.03277493
0.08571973
-0.1545238
0.05228492
-0.01731313
0.03229331
0.05791043
-0.009881493
0.1009733
0.02653004
0.06582025
-0.0222547
0.006712161
0.09623525
-0.02715342
0.05718693
0.03163705
0.07792826
0.01628155
0.02928421
-0.009928618
0.02603198
-0.01624521
0.0190692
-0.005265492
0.04399238
0.05689158
0.1142774
-0.07511491
0.02235644
-0.02253634
0.0215583
-0.1311903
-0.000768964
0.008101384
0.06494949
-0.06173476
-0.006608751
0.02671266
-0.134389
-0.04323235
-0.04534142
0.0935594
0.1156467
-0.06066773
0.05153863
0.01728275
-0.07230003
0.01359215
-0.02226217
0.02567842
-0.003910945
-0.02986226
0.001663764
-0.08653679
0.05688935
0.09332272
0.1527846
0.08810318
-0.07225726
0.04957861
0.0528794
0.01617341
0.06185744
-0.1366159
0.02802778
0.06184582
-0.1594872
0.0317899
-0.08265324
-0.04798041
-0.06221803
-0.01762602
0.03368317
0.009358987
-0.009537825
-0.130638
-0.02223911
-0.03249185
0.06017218
0.005462535
0.04114435
-0.03380682
0.02278998
-0.03508
0.01872295
-0.1191176
-0.07312139
-0.08369508
0.03273423
-0.1119289
0.04439206
-0.05379867
0.001088286
-0.07038458
-0.04956116
0.03138916
-0.05952048
0.1219437
0.09894273
0.02674905
0.09984117
0.04148709
-0.07589382
0.06498581
0.007026775
0.1098495
0.03122932
-0.0102315
0.08007114
-0.005755149
0.00435965
-0.1241349
0.04909792
0.02530763
-0.09491308
-0.05049338
-0.0001795247
-0.01638033
-0.06881911
0.08252097
-0.1149004
-0.04767876
-0.1148142
-0.0533266
-0.06561401
0.00687062
-0.0466852
-0.07993612
-0.00805138
0.0446849
-0.01735759
-0.05443214
-0.1004806
-0.03489171
0.04070226
-0.02579908
0.02796819
-0.08976062
0.0693116
0.06183314
0.1270942
0.02582612
0.0751955
0.06395305
0.02743385
0.1173069
0.028394
-0.08661177
-0.07120091
-0.09589922
0.1031425
-0.02456933
0.08717461
0.008819115
-0.02687697
0.06576904
-0.04095277
-0.1741525
-0.1573886
0.0257738
0.1196039
-0.02689305
0.0275414
-0.01590276
-0.05311088
-0.05527834
-0.01603306
0.0123017
-0.08163682
0.03248115
-0.02215353
-0.03933473
0.0281069
-0.03941323
-0.06785027
-0.003055276
0.004239401
-0.05386305
-0.03226111
0.03358372
0.113204
-0.03198259
-0.0366856
0.01110551
-0.08300067
-0.02025556
-0.01325067
-0.0507852
-0.004108583
0.03140097
-0.03958723
0.02551389
0.03179489
-0.06050927
-0.07812058
0.08818798
0.079087
0.02221348
0.0009380842
0.02439515
0.01169217
-0.1095045
0.03787666
0.08736998
0.009825272
-0.05619224
0.08739947
0.00881057
-0.002858075
0.02943323
-0.03647311
-0.002372304
0.002115066
-0.03695258
-0.03779221
0.03910142
-0.00383879
0.1027369
0.005937992
-0.02608535
-0.0680745
0.0528635
-0.008613522
0.09635313
-0.0227958
0.01128009
0.006121429
-0.1054553
-0.06070677
0.06354683
-0.07195602
-0.01539983
-0.1198973
-0.010369
0.05821157
0.03587817
0.05267608
0.06764175
-0.002238147
-0.1317422
-0.02400307
0.03583955
-0.07848433
0.09201943
0.06011416
0.04599839
0.07086336
0.05362149
-0.0832521
0.08748239
0.1063233
0.01044273
0.0595313
-0.08094454
-0.01629394
0.01594391
-0.04274265
0.01548299
0.04626122
0.07071454
-0.1008837
0.04273554
0.03104811
0.05403382
-0.09482722
-0.05877619
-0.04707205
0.1360581
0.004499944
0.03635052
0.01547966
0.01606416
-0.05973063
0.0243862
-0.1826301
0.03989361
-0.05108191
-0.04127521
-0.006543233
0.04344887
0.01291217
0.03694598
0.02005362
0.1208806
0.02900003
0.02656925
-0.02115449
0.001961967
0.100985
-0.05947851
-0.02892985
0.01019884
0.06835547
0.0737175
-0.04398596
0.02029852
0.02545696
0.00411419
0.08628192
-0.100923
-0.01346759
-0.083793
-0.07994261
0.1610842
-0.04165997
0.02064453
-0.03476157
-0.03874425
-0.0271797
-0.01868482
0.04939502
-0.07075067
0.024075
-0.006958146
0.1589261
0.05465277
-0.09775317
-0.09633082
0.03163596
0.09241234
0.01207089
0.01949815
0.0003326944
-0.06306001
-0.05363048
-0.03570449
-0.03786749
-0.0638698
-0.08129085
0.04864138
-0.1560629
-0.0705927
-0.03223711
0.1965746
-0.002845154
-0.0400416
0.1298736
0.002243054
0.06448275
0.03514478
0.01270436
-0.08538663
-0.007179839
0.05700516
0.04797255
-0.1346898
-0.1249739
-0.1407607
-0.004089319
0.1131161
-0.08093904
-0.01550101
0.01612663
-0.08244248
-0.03791831
0.02692479
0.1286854
0.03272377
0.03693522
0.01581394
0.03220346
0.1437266
-0.1151869
-0.06033814
-0.1405541
-0.0759872
-0.03910691
0.03435038
-0.03786786
-0.09056357
-0.1058183
0.007567459
0.1790324
0.03812901
0.05105768
0.04920309
-0.08058066
0.07126445
0.08170124
0.00193743
0.08086794
0.01322024
0.07840744
-0.009839769
0.01617515
-0.04585006
0.01056978
0.1157858
0.009294314
0.0009199138
0.07584727
0.1188142
-0.07831006
-0.03202718
0.1053096
-0.02701279
-0.007826158
0.118265
0.06417991
0.0891007
-0.08154903
-0.03266096
0.06520537
-0.06787918
-0.03441545
0.07008335
0.009101328
-0.16175
0.1359077
0.1120103
-0.01572664
0.02330308
0.02180376
0.02896187
0.09119518
0.09150345
-0.1115455
0.005312063
-0.1165992
-0.04092412
0.009158586
-0.05036406
0.07530875
-0.04550799
-0.06206062
-0.05184003
-0.0393834
-0.04189383
0.03169803
0.08635268
0.02749595
-0.08164816
0.02584744
-0.008252751
0.05888138
-0.05280212
-0.09285131
0.02969681
-0.02701625
0.004011771
-0.04906472
0.05905548
0.06104342
-0.07818996
-0.07867435
-0.01469283
-0.1081017
0.01739295
-0.1150183
0.04935537
0.125377
-0.04567887
0.04256426
-0.04220799
0.1009093
-0.07856613
0.06800489
-0.1184112
0.05904101
-0.08386711
0.03725656
0.05463665
-0.04635388
0.05402391
-0.03557539
-0.06853811
-0.08095904
-0.0802514
-0.1281963
0.09566739
-0.0127896
0.06740406
-0.1346425
0.05136177
-0.009226396
-0.06675535
-0.09138737
0.02156999
0.0006057803
0.1409886
-0.02350891
0.002820579
0.05673097
0.1363244
0.04157113
0.07078533
0.07546706
0.03788861
-0.06379674
0.07803374
0.009793819
-0.03887991
-0.04476589
-0.03225738
-0.02501297
0.06817748
0.04360849
-0.05441725
-0.002164066
0.1233641
0.03984829
-0.04408833
-0.01179885
-0.03854845
-0.01143556
-0.01535269
0.1082447
-0.1425394
0.0722141
-0.03004892
-0.07543782
0.09460389
0.06691067
0.01386637
-0.03754268
0.0815709
0.06890573
-0.02349567
-0.1019859
0.1288923
0.07644238
0.09673809
-0.02217683
-0.04825147
0.1216007
-0.1263429
-0.1256372
0.09315871
-0.01475846
0.014895
-0.04552797
-0.01978888
-0.1212715
-0.0628419
0.1038388
0.05400028
0.001262741
0.06582527
-0.1479306
-0.0541442
0.0005460782
0.05012026
-0.1052623
0.1066666
0.07232238
-0.05832073
-0.07038204
-0.09929628
0.03996673
0.07985504
-0.09451841
-0.03404655
-0.08398966
0.01277428
-0.1019799
-0.1033151
0.1194452
0.07186091
0.1032319
0.05154821
0.1033705
0.07443663
-0.06196633
0.08384185
-0.01056343
-0.06442099
0.04953194
0.06419721
0.02535068
0.04893462
0.09866642
-0.1438625
-0.02559841
0.003462677
-0.08108095
0.0641286
-0.02047726
0.07750481
-0.06006726
-0.04710265
-0.08854285
-0.05917107
-0.0172357
0.02482937
0.08920711
0.0145886
0.09787524
0.1137917
-0.01140582
0.02492627
-0.08383761
-0.02699344
0.08062238
-0.006750888
-0.03303523
-0.008602695
-0.1443586
0.03225354
-0.1253416
0.08926821
-0.03919896
-0.08598137
0.0003707025
-0.02871293
0.06906387
-0.003859352
0.04488154
-0.0490645
0.07262874
0.02626905
-0.01704532
0.09626142
0.1361627
-0.0438969
-0.06437822
-0.01339516
-0.04048165
0.009305185
0.07696888
0.07696306
0.05736919
0.09043954
-0.01864231
0.008873059
0.01937743
-0.02580073
-0.05306869
0.06477232
-0.1306643
0.09190507
-0.02245748
-0.05480946
-0.04449094
-0.08958922
0.1281867
0.06686126
-0.004785107
0.03978704
-0.06888742
0.05809261
-0.1011991
-0.0480733
0.08166511
0.03919809
0.07329015
-0.003357812
0.06730754
-0.08862486
-0.09853873
0.008943705
0.08532785
-0.02765387
-0.1664062
0.01893762
0.06076614
-0.07370004
-0.07185867
-0.03000025
-0.02662174
-0.07701497
-0.02368382
-0.07777627
-0.01196841
0.01102885
-0.1046405
-0.03313047
-0.0343281
-0.05787798
-0.03351656
-0.02167423
0.05553549
-0.02079651
0.1134199
0.1003677
-0.1192162
0.0465331
-0.02092934
0.05570905
-0.01149604
-0.06936301
-0.02559951
0.01050174
0.03528334
0.02032771
-0.00442003
0.009869572
-0.04106035
-0.01533327
-0.03882095
-0.0003675766
-0.03353059
0.1014066
0.03499239
-0.07821924
-0.08384897
0.04427777
-0.0007455848
0.1897744
0.04690101
0.0630329
-0.007490593
0.0518893
-0.07441026
-0.00359509
-0.005662596
0.04281712
-0.0345021
-0.001370931
0.08155593
-0.007223978
-0.08590289
0.009550906
0.08709677
-0.06312612
0.01968018
-0.01379236
0.143805
-0.08427379
-0.09367872
0.09154965
-0.04295274
0.009507971
-0.04075859
0.1418443
-0.1207831
-0.03674433
-0.01185466
-0.01404315
-0.007318591
-0.08769841
0.06030851
0.09601106
0.1022298
-0.05079624
0.1064758
0.002066578
0.004938352
0.02385574
-0.04514465
-0.0009459401
-0.06505275
-0.01954979
-0.06174089
-0.04139523
0.09496926
-0.05085153
0.06841581
-0.09258873
0.06537125
0.09573156
-0.005292645
0.03579607
0.1153968
-0.004693406
-0.09367897
0.1315883
-0.09798765
0.00313028
0.03832474
-0.003338834
0.1200091
-0.07181314
0.0193611
-0.0006647612
-0.02888205
-0.05383684
0.01335454
-0.07999045
0.03001712
-0.02881789
0.07925703
0.09961757
0.008509926
-0.06413273
-0.002504276
0.1104379
-0.1334385
0.0003632184
0.06841503
0.06500786
0.03048017
0.0955398
0.01730376
-0.04010325
-0.01051156
0.05879636
-0.002992947
-0.09989851
0.09500742
-0.00775717
0.005896182
0.01683616
0.0352533
-0.04487293
0.1417764
0.03549737
0.07936819
0.03137184
-0.125631
-0.03854799
-0.07645559
0.05546697
-0.02327359
0.05909819
0.0488309
0.004461849
0.03359996
-0.03826563
0.03014925
-0.01360635
0.08762933
0.03440635
0.04031609
-0.1539727
-0.1041906
-0.02016297
0.03338051
0.02474941
-0.1033895
-0.1126962
-0.1457546
-0.07341343
0.1204653
0.06151792
0.058623
0.107806
-0.08828284
0.04433556
0.06118666
0.08727827
-0.01245942
0.08552366
0.04594864
-0.1171098
-0.07257639
-0.08369872
-0.04056687
0.1063528
0.02226714
-0.06744889
0.03294697
-0.1576423
0.0144111
-0.02832258
-0.07387376
0.0887601
-0.08090706
0.08695436
0.07854992
0.09479699
0.00637449
0.06495459
-0.127637
-0.02827735
-0.02872041
0.05204209
-0.01967236
-0.0733418
-0.03124988
-0.07562528
-0.03623994
-0.172086
-0.1674202
0.02514283
-0.1059071
-0.03969214
-0.03176127
0.07028321
-0.1288195
-0.01718438
0.03573672
0.1094719
0.05701168
0.04070714
0.1129003
0.02797747
-0.04605597
-0.0791727
-0.1034738
0.006905929
-0.03072338
-0.04829426
-0.03114684
-0.03961759
-0.04669289
-0.02553688
-0.0908161
0.1665557
-0.05654204
0.003506716
-0.07133237
-0.04584828
-0.006186937
0.1002335
-0.02366458
0.05676046
0.02716691
0.1073331
0.03190763
-0.02656894
0.03531841
-0.110022
-0.04133107
-0.02539033
-0.04204496
-0.104835
-0.01488183
0.0738112
-0.03418053
0.02593348
0.04582777
-0.1303499
0.121665
0.007941024
0.04065903
0.06022115
0.002778708
0.01047045
-0.06443968
0.05018714
-0.0203253
0.05061119
0.01540165
0.04136653
0.07485538
-0.06514622
-0.1747674
-0.02170133
-0.07016127
0.01474513
-0.03589167
-0.08994755
0.1146141
-0.04397411
-0.06565493
-0.1419612
0.1298038
-0.02699963
0.001753042
0.01007576
-0.07110992
-0.09174068
0.06239223
0.02589717
0.05317406
0.06137857
-0.02806617
0.01473446
-0.0764542
0.02345712
-0.08170862
-0.0735871
-0.08069728
0.06743141
0.05164271
-0.03757553
0.03935856
-0.03005291
-0.03520759
0.07870586
-0.03883485
0.0384412
0.005060746
-0.02280321
0.001951202
-0.07398178
-0.03541246
0.003539163
0.09277017
0.04083586
0.07586543
0.1353036
-0.06246793
-0.09890673
-0.01677132
0.08939274
-0.1072338
0.02678489
0.01806143
-0.03555598
-0.01914623
-0.08064835
0.03787967
0.01742099
0.1186655
-0.01950199
0.06345019
-0.03044509
-0.05003979
0.01037039
-0.05737042
0.02602054
-2.160479e-05
0.02807407
-0.04300611
-0.07099046
0.001330294
-0.06552522
-0.03108375
0.08685008
0.0643172
0.02731505
-0.02677095
-0.003063538
-0.03730432
0.00749078
0.002104825
0.04934143
-0.0456246
-0.01388598
-0.07901456
-0.03532521
-0.02219174
-0.05695981
-0.06576011
0.01570214
0.0768843
0.09410582
-0.04754298
-0.0008473686
0.04871873
-0.00642009
-0.04267599
-0.1694861
-0.04116394
0.09640517
-0.01351276
-0.07637748
0.0973437
-0.02999266
0.01668351
-0.05946973
0.06808037
0.04471781
0.0236745
0.07854706
0.0144502
-0.04018949
0.08235898
-0.06227496
0.02466359
0.05292201
0.04948661
0.1059538
0.07247797
-0.003258302
0.01045455
0.1263874
-0.03720224
-0.02977643
0.0420169
0.01724474
0.05039711
0.0002083325
-0.05025065
-0.03054858
-0.04972159
-0.01715835
0.0630134
0.07812103
0.0654383
-0.05075076
-0.08175249
0.05155009
0.05413094
-0.06716124
-0.102446
-0.007008777
-0.07308572
-0.106881
-0.01005024
0.05947416
-0.08448827
0.005756387
0.08359273
0.1150665
-0.02275088
-0.1664641
0.001967557
-0.1145957
0.07906048
0.04222102
0.04301994
0.1032911
-0.04681092
-0.04468729
-0.03540011
0.09265193
-0.05555463
-0.1248203
-0.01527436
-0.08363511
0.1075006
0.07811969
-0.03661707
0.1148354
-0.08172913
-0.03309841
0.03948288
0.008154039
0.04982861
-0.03719313
0.1113366
0.09436017
0.01169669
-0.02295749
-0.08861029
-0.08943759
0.07220286
0.04440013
-0.004138961
0.06266276
0.01771228
0.1387974
0.04275886
0.08402872
-0.01405124
0.07694162
-0.05108772
0.1154075
0.03242065
0.002364164
-0.001565786
0.06524456
0.04540383
0.02546931
0.01665296
-0.1213331
-0.05503994
0.04069697
0.1150721
0.0005882671
0.06717382
-0.08348992
-0.05753502
0.0195183
-0.000334522
-0.09998863
-0.05376184
-0.06746667
-0.08758519
0.07016609
-0.05170181
0.03908304
-0.05146893
0.09228083
0.06743739
-0.1114357
0.05838238
-0.05035052
-0.1323581
-0.05411367
-0.1051618
0.06620012
-0.07147042
0.04323802
-0.06705926
-0.1182652
-0.08558745
0.09295026
0.06218609
0.03176576
0.03146865
-0.04840003
-0.02547315
-0.04989888
0.08526043
0.02668464
0.02487718
0.005299754
-0.05520299
-0.03711996
0.04192461
-0.06121102
-0.03137759
-0.03559826
0.04223834
-0.1067611
-0.07418474
-0.1148779
0.07549576
0.06680518
0.1163236
-0.08877473
0.1432377
0.1049578
0.09111613
-0.06756037
-0.02558492
0.03190511
-0.1052593
-0.06358535
-0.006066348
-0.07435532
0.03314184
-0.1418582
0.06630109
-0.05532652
0.05127105
-0.004994171
-0.003113533
0.01290809
-0.03684853
0.07690492
-0.04615522
-0.1150381
-0.1247786
0.002134277
0.07061533
0.1169687
0.04315631
0.03817251
-0.04540943
-0.03077937
0.03854994
-0.03966975
0.06653351
-0.1159035
-0.07920517
0.01183446
-0.04849707
-0.001097176
-0.06941313
0.1420876
-0.1329385
-0.03086905
-0.1036288
0.02314271
0.03056979
0.05120368
0.04387807
-0.1073282
-0.04955101
-0.01030211
-0.004257887
-0.001041339
0.04378207
-0.08633915
0.04848567
-0.1812233
-0.03928177
-0.007145105
-0.02007968
0.03493613
-0.02791669
-0.02970497
-0.01877479
0.009687189
0.07184286
-0.1127965
0.03376957
0.03022982
-0.02901197
0.03182989
-0.03654963
0.01982871
-0.135389
0.04763902
0.03001578
-0.008791474
-0.002304364
0.08479384
-0.01871472
0.01072022
-0.03457443
0.07632139
0.08777197
0.09628564
0.01279942
-0.04411457
0.05724928
-0.05608235
0.04134948
-0.03310473
-0.05744902
0.09138476
0.0496176
-0.01541743
-0.1843703
0.0003701391
0.062353
0.07302602
-0.03593865
0.1324356
-0.01887771
0.1286052
-0.05036259
0.09834124
0.02769044
-0.07165316
0.07489917
-0.05434581
0.05902158
-0.05645151
0.07187531
-0.006761851
0.08480242
1.309748e-05
0.02213738
0.009472319
-0.08226928
-0.1033962
0.07381294
-0.03112161
0.03770212
0.022704
-0.06356416
0.08449874
-0.05668609
0.0007150484
0.05277965
-0.04289444
0.01567166
0.0270487
0.09095559
-0.03026867
-0.0369211
0.1580447
-0.02045664
-0.02416914
0.1461392
0.1217466
-0.005465367
-0.003902911
-0.01334056
0.01889079
0.05202726
0.02614023
0.006549196
-0.019197
0.001621537
0.09551079
0.1296354
-0.09555332
-0.1068851
0.03029492
0.02305264
0.0990655
0.09085963
0.03120578
0.06985936
-0.1070932
-0.07745754
0.06318803
0.03226637
0.1213205
-0.1459835
-0.02545662
-0.008742922
-0.003367438
0.05716804
0.09069669
0.09672276
-0.050292
-0.01018835
0.05091276
-0.07191737
0.01419295
0.09910762
-0.09052793
0.0770282
0.00065591
-0.02261339
-0.05014733
-0.05873285
-0.01919725
-0.09717493
0.05285199
-0.02243083
-0.04691637
-0.05070135
0.03494054
-0.0306291
-0.02730438
0.07293434
-0.04938881
0.001432043
0.00579842
-0.07228865
0.09205946
0.1054121
-0.04754237
-0.08099194
0.01721085
-0.03876602
0.05251593
-0.08879862
0.03293132
-0.08422827
-0.02580722
0.1002239
0.0525179
-0.006501676
-0.05326124
-0.03498243
-0.03360088
0.08474212
0.0291361
0.008469515
-0.07454766
-0.007221735
-0.02538308
0.1289946
-0.09888923
-0.03953277
0.01198976
0.0509247
-0.02723483
-0.07421775
-0.05364553
0.1078852
-0.0503161
0.1512619
-0.1538497
0.04164439
-0.04767288
0.0191821
-0.01656364
-0.03605199
0.02351441
-0.0792693
-0.09821768
0.007376513
0.07910579
0.02787158
0.03621142
-0.03786503
-0.07018684
-0.001605514
-0.06766643
0.06792713
-0.0402493
0.01380625
-0.02750884
-0.002591598
-0.1097955
0.135028
0.0205386
-0.1115224
0.04055712
-0.07701422
0.1336289
-0.06783745
0.08497259
-0.07103053
-0.02665827
0.02822997
-0.008480553
0.0553527
-0.09040015
0.06110935
0.1416337
-0.07895444
-0.01777921
0.06552094
-0.01588352
0.03960103
-0.09244321
-0.02369971
-0.01926003
-0.02686163
0.00806815
-0.06196858
0.03430173
-0.03090582
-0.01987011
-0.1471802
0.03192257
0.05637335
0.02798904
-0.06269196
-0.005406831
0.08893555
-0.02411187
-0.06597364
0.005682407
-0.05082203
-0.1360026
0.04017889
0.002431541
0.1104719
0.05933312
-0.07361561
-0.1039499
0.05397771
-0.1653104
0.01159163
0.1425006
-0.06388854
0.1105338
-0.1101754
-0.02051548
0.02533757
-0.02540028
-0.03750026
-0.05372631
0.1162118
0.03893597
-0.0234814
0.04994799
0.01212784
-0.03193887
0.03880777
-0.01420507
0.1387715
-0.03545072
0.01037171
-0.0007411449
-0.06356665
0.02595724
-0.08368641
0.1018273
-0.02807673
-0.08145534
-0.1483579
-0.008650144
-0.07028457
-0.003901018
0.1099652
-0.08654243
0.06023825
-0.0517717
-0.02015315
-0.04783829
0.0367984
-0.05960169
-0.01263868
-0.04466417
-0.1012328
-0.09317135
0.09257562
-0.04411962
0.0959831
-0.06680327
-0.02115547
-0.03898164
-0.1615618
0.06243277
-0.02722338
-0.0125804
-0.07553572
0.04272088
-0.04119015
0.1424697
-0.02300031
0.1268697
-0.0595822
0.06229062
0.111484
0.0523787
0.01815709
-0.002986677
0.03068563
-0.09796372
-0.007359071
-0.06826243
-0.1386301
0.009207787
-0.04106547
-0.001328684
-0.04117021
-0.05800935
-0.09429225
-0.05003362
0.04394694
0.06714055
-0.06306344
0.06154383
0.1142339
0.06254926
0.01746191
-0.09195536
-0.01957707
-0.08342226
0.02716878
0.03858497
-0.04471317
-0.0264135
0.06406378
0.003888083
0.03994245
-0.04009057
0.01059914
-0.0547256
-0.04180202
-0.07896956
0.01575608
0.02008025
0.09145264
0.03125573
-0.09622486
-0.02261357
-0.1075586
0.02127341
-0.03741215
0.04309942
-0.06907107
-0.0037195
-0.06956892
0.04007307
-0.07376628
0.114394
0.07710206
0.05432159
0.01249138
0.05791438
-0.01774222
-0.01889253
-0.05365253
0.1163486
0.01173725
0.03325503
-0.09543384
-0.02936604
0.02890616
-0.001592281
-0.07884979
-0.01642333
0.07643397
-0.04060357
0.0004567297
0.05281546
0.1090057
0.01606869
0.009598427
0.09992666
-0.0668373
-0.05321778
0.08382383
-0.08427362
0.01795447
0.06446513
-0.09693277
0.1470139
-0.01036661
-0.0313945
-0.09959044
-0.04532538
-0.0976621
0.003803673
0.008740845
-0.05247401
-0.01488305
-0.03740074
0.0131927
-0.1217388
-0.04854489
0.002325829
-0.02961142
-0.04902926
-0.01203162
-0.02843461
-0.1205631
-0.03839413
-0.07277007
0.02794598
-0.03789508
0.03350426
-0.1148975
-0.05884573
0.0690683
-0.04771439
0.05101347
-0.0572848
0.001211179
0.01168573
-0.004645957
-0.04134656
0.01573846
-0.04247899
0.01422066
-0.06703752
-0.04195559
0.04511437
-0.003949642
-0.02116156
0.0773483
-0.04003569
-0.1073978
0.1153388
-0.02609931
0.05950123
-0.04589293
-0.1008815
-0.0623883
0.04252712
0.02087606
0.06995679
0.07559483
0.04667649
0.01036022
-0.03488558
0.09861344
-0.05580763
-0.01792298
-0.06396565
0.07422081
0.06217315
-0.02151346
-0.008497707
-0.02744191
-0.04257146
-0.05204329
0.03290512
0.0798701
-0.03140239
-0.111368
0.05082458
0.1034209
0.06448518
0.08500286
-0.05349975
-0.09050296
0.03359708
-0.116523
-0.03692231
0.04601758
-0.02022795
-0.09181906
0.00814244
-0.003210076
-0.04128624
0.07044076
0.001117305
-0.1076658
0.08472174
0.04401851
0.02886853
0.09098623
0.004880795
0.02162237
0.005281548
-0.01489561
-0.06829
-0.04728399
0.08173454
-0.1288865
0.04504828
0.0296425
-0.0564115
-0.0761956
0.005256664
-0.1064261
-0.03478507
0.02463043
-0.10088
0.03584674
0.08677882
0.01599935
0.0007943726
0.115712
0.08320633
0.07011134
-0.1223927
-0.08515175
-0.08422112
0.05284368
-0.05169869
-0.02782457
0.06380721
-0.04923549
0.02874617
0.03426688
0.05694034
-0.08307771
-0.03468024
0.06995602
-0.04935983
-0.04696633
-0.02639544
-0.02654996
-0.06202627
0.02358707
-0.006155952
-0.172088
-0.02351487
-0.1504636
0.1478391
-0.03981288
0.02205275
-0.17027
-0.1110229
-0.0222168
-0.09305026
0.1670694
0.007623182
-0.1885559
0.005442486
0.08968901
-0.0117745
0.1582979
0.1135978
0.008954199
-0.02583014
-0.0282268
-0.03199276
0.05020939
-0.02199575
-0.01097481
-0.0612221
-0.1082616
-0.1009368
-0.09464107
-0.1401592
-0.006926098
0.04681301
-0.04042918
0.01305142
0.1513198
-0.06025051
0.03183508
-0.06811668
0.03615706
-0.1076349
0.07790036
-0.03040832
-0.002632071
-0.01364312
0.04468921
-0.0391576
0.1207437
-0.06427764
0.06653327
0.0528627
-0.1633698
0.09415601
0.0467994
0.003123116
0.02890121
-0.05056367
-0.04283712
-0.07069034
-0.06829862
0.07798974
0.04437526
-0.04587881
0.0307842
-0.07155526
-0.06462687
0.05806578
-0.04129133
0.09725285
0.06121874
0.1073051
0.03070916
-0.02109862
-0.0733356
0.000260719
0.03797152
-0.01018303
-0.01716972
0.02430842
0.09658108
-0.05816397
0.03180064
-0.03181215
0.08272128
-0.009155911
-0.08010866
0.06398191
0.01906534
0.03906896
0.01273526
-0.07603894
0.004528236
0.02243621
0.09784798
0.03088443
0.03754825
-0.1163871
0.06115292
0.01796351
0.01898726
-0.03705001
0.06497542
0.06811361
-0.04024601
-0.05906846
-0.02700916
0.09565563
0.0585632
0.1376589
-0.02678487
-0.1374994
0.1058932
0.08621855
-0.04540861
0.1016553
0.0008955658
-0.08709776
-0.02003489
0.1000652
0.01531168
-0.04875811
-0.0005325954
-0.06187763
-0.07270671
0.1369652
-0.05783074
0.008993193
-0.1260019
0.008790224
-0.0521998
-0.06648915
0.07693236
0.03702698
0.04460533
-0.02620376
-0.01821258
-0.02118623
0.0582103
0.01098579
-0.09848279
0.04348876
0.07788996
0.105545
0.01423323
-0.03804898
-0.003872168
0.05014556
-0.03686022
0.044729
0.1158241
0.04450254
-0.04638015
0.1114622
-0.1303431
0.02436297
-0.09310439
-0.01540104
0.05705567
0.01063668
-0.02244978
0.04501096
-0.1257784
-0.05954635
-0.165366
-0.02170613
0.008082354
-0.05470159
-0.02468663
-0.07824341
-0.03943573
-0.147248
-0.01543298
0.09775614
0.08536533
-0.003000552
-0.03295126
0.0280659
-0.05176055
0.09961275
-0.06067739
-0.07505653
-0.1604031
0.006295976
-0.1077216
-0.03979977
-0.05376283
-0.01594114
-0.06889275
-0.04497386
0.008516897
0.01142688
-0.0136652
0.09095816
-0.01777793
0.06185963
0.02071665
-0.04427593
-0.0005618833
0.1021471
-0.03178455
0.06641373
0.07073812
0.04431822
0.001758834
0.04965425
0.1085922
0.08953308
-0.006058631
-0.09900747
0.06263353
-0.007712292
-0.07082006
0.05132401
0.1047565
-0.03458587
-0.0391255
0.07258134
0.06945441
-0.01886855
0.06102526
0.1243253
-0.03392993
0.08535401
-0.002265513
-0.1184021
-0.06998837
-0.11926
-0.005741945
0.0273449
0.07787026
-0.01904977
-0.05719472
-0.01710247
-0.085602
-0.04635023
-0.03512077
0.03773828
-0.0669555
0.02926579
0.08521584
-0.007838062
-0.1289294
-0.03531884
0.0138917
0.01006664
0.07611706
-0.01064273
0.008234915
-0.0807076
-0.05486965
-0.01458222
-0.01088719
-0.05495215
0.0991977
0.08782376
0.03262207
-0.09180064
0.04922865
0.02467443
-0.01875661
0.0223972
0.06755941
0.03104374
0.1192296
0.05309308
0.0141586
-0.03383967
0.1126956
-0.05494572
-0.01494681
-0.02663776
0.0925606
-0.07850033
0.08692253
-0.07104488
-0.003172188
-0.04525303
0.05565841
-0.01717335
0.04203777
0.05171403
-0.118135
0.04927356
0.09985401
-0.1013231
-0.02049326
-0.02696379
0.07217029
-0.131538
-0.1423415
0.08143096
-0.0204689
-0.04372012
0.01169847
0.06857859
-0.07206888
-0.05597553
0.01946765
0.1110504
0.1027252
0.1046591
0.04027534
-0.1142172
0.09508026
-0.08780044
-0.02646752
0.007788445
0.126375
-0.09133135
-0.02582135
-0.004032407
-0.08579792
-0.05142105
-0.1685543
0.07402886
-0.1297056
-0.04982242
-0.05564164
-0.06454983
0.06033395
0.05982978
-0.08207173
-0.07553444
0.0975277
0.04212997
-0.1506605
-0.0722041
0.05694605
-0.04572231
-0.003715836
-0.13642
0.04238295
-0.02781672
-0.05612686
-0.1144145
0.09469181
-0.01380288
0.001576339
0.02814848
-0.01622297
-0.05457591
-0.03710559
0.08296014
-0.05216647
0.06066764
-0.02284808
-0.06332052
0.02588277
0.04996872
0.101877
0.01173406
0.02987551
-0.0337639
0.09080782
0.08855532
0.04390793
-0.04090416
-0.02891462
0.03916191
-0.1089636
0.107718
-0.06367729
0.03907195
0.02792393
0.1098493
-0.0538363
0.0160085
-0.0400233
-0.05195741
0.009171536
-0.002080766
0.1025055
-0.02837366
-0.02189738
-0.04730104
-0.06234282
-0.00862936
0.06005521
0.006341439
0.05887447
0.08145971
0.08693355
-0.1138268
0.09319897
-0.1150109
-0.03684511
0.02018677
0.01539902
-0.05469254
0.03321955
0.02147849
-0.1174447
-0.01200758
0.01214516
0.08694764
-0.05383907
-0.07603805
0.0554259
-0.09249723
0.1371592
0.08974238
-0.0503393
0.01654562
0.1087444
-0.1668015
-0.08529272
-0.1014811
-0.1005056
0.04467151
-0.06719127
0.03555449
-0.03155269
0.02529202
-0.002034942
-0.0220972
-0.0524678
-0.01277421
0.08777873
-0.06693172
0.1042349
-0.03405016
0.04040394
-0.1197976
0.02036866
-0.1170631
0.01129039
-0.1172566
-0.09330624
0.006253316
0.01070976
0.08710522
-0.04533615
0.01276865
-0.04955913
-0.09541681
0.06576763
-0.06976216
-0.05601843
0.07452781
0.06463569
0.1014302
-0.06119957
0.04764222
0.02436801
-0.08150186
-0.02224532
0.08229551
-0.04060052
-0.06134805
-0.02664749
0.0177839
-0.01079747
0.08715804
-0.02173315
0.121251
0.06920037
-0.03150845
0.01122453
-0.03903153
0.03359955
0.08268329
-0.02129413
-0.05080792
-0.004706057
-0.04185836
-0.07961017
-0.07149323
-0.1338968
-0.08005223
-0.003913958
-0.04624151
0.02789813
-0.06824591
-0.03589365
0.09358284
-0.03898976
0.06864737
0.02039366
0.04075494
-0.1000076
0.07190183
-0.01393144
-0.01570779
-0.04022278
0.052919
0.02018362
0.01069869
-0.03065767
-0.005832252
-0.09584206
0.00462963
-0.002417779
0.01309004
0.06496319
-0.02177852
-0.04218718
0.001570764
-0.02672159
-0.02945747
-0.08246577
-0.04773515
0.0930245
-0.01093789
-0.03928126
0.07234894
0.02145384
-0.1072828
-0.06161688
-0.06230539
0.1401189
0.02630724
-0.03898475
-0.04445919
0.04760072
0.006965838
0.07294626
0.015476
0.08387401
-0.02990789
0.003440093
0.04001798
-0.05884134
0.1287627
0.05416727
-0.00643089
-0.05110889
-0.08143219
-0.06300403
-0.08967215
-0.1133388
-0.05214207
-0.0791878
-0.03310386
-0.1154315
0.08220306
-0.02942003
-0.127858
0.06754704
0.02869805
-0.01149276
0.05497128
-0.02338587
-0.03691255
0.08869534
-0.08041117
-0.01058769
-0.05155838
0.02182868
0.0735286
0.008430318
-0.03345818
0.07010084
0.02332769
-0.02130421
-0.0354619
0.001475295
0.06490862
0.01292822
0.03056974
-0.06059637
0.003414057
0.06289979
-0.05235895
0.04147332
0.0436568
0.005373937
-0.08525624
0.1001567
0.05246595
-0.0666499
0.07250772
0.01634178
-0.02894959
-0.05180708
-0.01916977
0.07546137
-0.0058406
-0.08851576
-0.02564191
-0.1000018
0.001465644
-0.0995881
0.02878331
-0.06173222
-0.09846292
-0.0330097
-0.08433101
0.09289873
-0.003050127
-0.06276932
0.07122827
0.1092496
-0.1225429
-0.01167403
-0.04045159
0.06716374
-0.06162085
0.0402506
0.01438544
-0.008608321
-0.03613864
-0.00520043
0.02092474
0.07000387
0.04273282
-0.1056719
0.0001667867
0.09329774
-0.03383254
-0.03967322
-0.04942039
0.04075156
0.1132995
0.006386823
-0.0007501463
0.08857329
-0.07278232
-0.112115
-0.01869326
0.09074622
0.01171933
-0.09973288
-0.06871609
-0.01466717
-0.1210789
-0.06588457
0.1113666
-0.2230647
0.0528795
0.06516089
-0.06079382
-0.01866531
-0.0963964
0.05247496
-0.07691891
-0.06083365
0.06495359
-0.004536042
-0.1421658
0.09986783
0.04658005
0.05075502
-0.0230237
0.08785231
-0.03785426
0.01620821
-0.0848222
-0.06280222
-0.04956452
-0.09686961
-0.06154681
-0.1346695
-0.04396192
0.01647293
-0.07729027
0.1362131
0.1095058
0.063151
-0.03586316
-0.03566845
0.03814281
0.01697479
-0.08835042
-0.008415855
-0.1292617
0.09803641
-0.1166972
0.07311924
-0.02943493
0.001483855
0.005518798
-0.05583775
0.03095002
-0.07513134
-0.01494022
-0.01469857
-0.06662056
0.0692053
-0.02744631
-0.1566134
0.04355165
-0.07859738
0.07072429
0.1386884
0.08561362
-0.06173413
0.01590815
-0.1034253
0.03916846
0.1014931
-0.006738733
0.07173585
0.07041707
0.05766762
0.005627628
0.07291073
-0.0146167
0.03842519
-0.03948439
-0.002414725
-0.0887249
0.001657468
0.0007523662
0.1159105
-0.03539336
0.1556499
-0.08369045
-0.03134008
0.1501047
0.06662968
-0.0529046
0.08940467
-0.03930995
0.07453746
0.04761979
-0.04458881
-0.02011633
-0.09741894
-0.1119498
0.05602632
0.03439658
0.03024931
-0.05135207
0.04865068
-0.02697589
0.04374084
0.04189663
-0.06781808
0.05485538
0.1095741
0.0673563
-0.08575878
-0.01590571
0.0008899177
0.0704767
0.05061807
0.05947138
-0.007899281
-0.1033267
-0.05753585
0.01549801
0.05480017
0.124789
-0.006099406
0.003405662
-0.09286575
-0.07998497
-0.008496194
-0.03887753
0.001863853
0.04783607
-0.01411837
0.002225708
-0.02686465
0.009873944
-0.09124317
-0.1447716
-0.03742181
0.0264377
0.07215774
-0.00916833
-0.04859008
0.03490001
-0.03226102
0.07206413
0.08738563
-0.01862881
-0.01312121
0.05327627
-0.02006905
0.02172053
-0.01545512
0.04897063
-0.08961534
0.03885899
0.0486862
-0.09096248
0.09193265
0.04761362
0.07033961
-0.02188122
0.1004586
-0.1323411
0.1003559
0.02013907
-0.06841939
0.1363767
-0.1176704
0.03025243
0.04468671
-0.03068476
-0.0711538
-0.1005713
0.08228217
-0.08956792
0.05970223
0.002995171
-0.03000121
0.08646639
0.06831565
0.06549622
-0.03484508
-0.09519588
0.0343302
-0.007323638
0.05960064
-0.06206467
0.01134735
0.007805679
-0.01334986
-0.03094533
-0.05797889
0.07661121
-0.01903737
-0.003245633
-0.08559533
-0.02763487
0.05572613
-0.07692766
0.04171524
-0.1374775
-0.07278997
0.04172047
0.0230417
-0.09819582
0.05648148
0.007396779
-0.1570794
-0.04390721
-0.07650504
0.02758834
-0.03132312
0.04661181
0.01574626
0.04900863
-0.1254224
0.04381945
-0.02105656
-0.04957378
0.03271368
-0.1423551
-0.0387859
-0.004858615
0.05698387
0.02074608
-0.0212086
0.06436438
-0.07955256
-0.01944851
-0.0176706
-0.0617444
0.06279195
0.1253937
0.02433379
0.03805026
0.1057589
0.009174498
-0.06070812
-0.02708695
-0.09704266
0.04180131
