-0.0391718931496143
-0.0594364404678345
-0.0790933072566986
0.0738030970096588
0.084300309419632
-0.025718754157424
0.0557984970510006
-0.0265571214258671
-0.0610600709915161
0.0140716889873147
0.102689437568188
-0.0836697667837143
-0.0941900834441185
-0.0760217905044556
-0.0641128718852997
-0.0947863608598709
0.0326287262141705
0.0755941569805145
0.0531452037394047
0.0459358282387257
0.0727135464549065
-0.000331242103129625
0.0984604582190514
-0.0689425468444824
-0.0497951023280621
-0.0801829323172569
0.02683075517416
-0.017013568431139
0.0641279295086861
0.0217068120837212
-0.0379415415227413
-0.0179473143070936
0.0291454959660769
-0.0402641259133816
0.0637126266956329
0.0805939510464668
-0.00583682442083955
-0.0604911409318447
-0.072283461689949
-0.0750785693526268
-0.0450167544186115
0.043857030570507
0.0238628704100847
-0.0265352036803961
-0.0236984360963106
-0.0887031257152557
0.00933857075870037
0.0654127225279808
