0.1813125
1.130072
1.150286
1.105643
1.628162
0.4659616
0.8491576
0.6928349
0.4241838
0.2026732
1.006159
0.7165945
0.1600669
0.4597889
1.292794
0.7110504
0.2146506
0.2426601
0.6143359
0.4192588
0.3413895
0.4133768
1.330003
0.7070391
1.182185
0.8970813
1.119664
0.1891752
1.188525
0.8524886
0.3076439
0.4181395
1.424624
1.127918
0.847885
0.9191995
0.3555174
1.222816
1.465273
0.3784182
0.1510419
0.2413863
0.306749
1.297746
0.4953423
0.4544512
0.4330831
0.3469815
