0.933938920497894
1.05049133300781
1.02109861373901
1.00915420055389
1.04658472537994
0.986547708511353
0.937387406826019
1.05236208438873
1.0055091381073
0.949369370937347
1.03059554100037
0.984028160572052
0.938641905784607
0.987819492816925
1.02365112304688
0.976146161556244
0.918015956878662
0.926702976226807
1.04704356193542
0.969953656196594
1.00260865688324
0.990972816944122
1.04556787014008
0.991167366504669
1.01338613033295
0.996409475803375
0.986840724945068
0.990437865257263
1.05333864688873
1.00838899612427
0.959215462207794
0.965425431728363
1.05225574970245
1.01476526260376
1.03256583213806
1.00144505500793
1.00876092910767
1.03144311904907
1.04323160648346
0.982822775840759
0.959386885166168
0.945910096168518
0.912881076335907
1.07059717178345
0.992282271385193
0.911547541618347
0.999971807003021
0.976520895957947
