0.1802329
-0.4882375
0.5316427
-0.4341037
-0.4650894
0.3634645
-0.1714282
0.2218755
-0.4124486
0.403935
-0.4042722
-0.5254387
-0.1012748
0.6124609
0.2160886
0.2889473
0.4591924
0.3618918
0.09517795
-0.09332681
-0.1118267
0.1370523
0.1643554
-0.1670737
-0.3862934
-0.3219486
-0.0672117
-0.4124712
-0.6589472
-0.2791072
-0.1170041
0.09758189
-0.4972036
-0.5565059
0.3148316
0.02286401
0.04969883
-0.6071544
0.4467169
0.2789318
-0.3959243
0.1000882
0.1560656
-0.8448992
-0.7072442
-0.1023219
-0.1147616
-0.08367767
