-0.00612141564488411
-0.0381453260779381
0.0662544295191765
-0.123900398612022
-0.0371161960065365
0.0599457658827305
-0.112820565700531
0.0723184198141098
-0.00815072935074568
-0.0983895361423492
-0.0805461183190346
-0.106944665312767
-0.00196742359548807
0.167303711175919
0.0405773334205151
0.124196216464043
-0.106597498059273
-0.0910649523139
0.0429737903177738
-0.0891051739454269
0.0185672920197248
-0.150933936238289
0.0256388541311026
-0.0489049926400185
-0.0802568271756172
-0.0735722556710243
-0.130171582102776
-0.0536749921739101
-0.0232841335237026
0.062295388430357
-0.089879497885704
-0.0196138899773359
-0.128332525491714
-0.0336829163134098
0.0698191374540329
0.0475158244371414
0.102858550846577
-0.0716056227684021
0.0740217268466949
0.030967203900218
-0.0795608684420586
-0.00726894615218043
-0.134585708379745
0.00201507331803441
0.0178764704614878
-0.0842846408486366
0.0197896044701338
-0.0608562715351582
