-0.00204612989909947
0.0306637454777956
0.0310231540352106
-0.0491304956376553
0.0438344664871693
-0.0443189516663551
0.000442335061961785
0.049754910171032
-0.0391916930675507
-0.0335274748504162
0.0204632095992565
0.0111645935103297
-0.0143947638571262
0.0298484209924936
0.0314284637570381
-0.0310240145772696
-0.0320077240467072
0.00153276405762881
-0.0190600957721472
-0.0281734988093376
0.0356276594102383
-0.000309921422740445
-0.0361755229532719
0.0461767986416817
0.0490019842982292
-0.0511846579611301
-0.00995178800076246
-0.0491162613034248
0.0311405435204506
0.00809409189969301
0.0248759612441063
0.0173505712300539
-0.0322473645210266
-0.0227093826979399
-0.0246618986129761
0.0132960909977555
-0.0366545878350735
0.00477972300723195
-0.0277123171836138
-0.00674916943535209
-0.0395400859415531
-0.0306365862488747
-0.0269584413617849
-0.00683104200288653
0.0111951846629381
-0.0270770601928234
0.0390752069652081
-0.0480658300220966
0.0278828274458647
-0.0488909892737865
0.0127609558403492
-0.0497058480978012
-0.0277202595025301
-0.0231711063534021
0.024233765900135
0.0165241695940495
-0.0298558976501226
-0.0101193971931934
0.0297476127743721
-0.0467835441231728
-0.0355900973081589
0.0434345416724682
0.0408037938177586
-0.0257036685943604
0.00565854227170348
-0.0440842658281326
-0.0344680771231651
8.69794239406474e-05
0.0132550504058599
-0.0198540985584259
0.039642333984375
0.0359944142401218
0.00679580587893724
0.014944558031857
-0.0147752827033401
0.0155725916847587
-0.0264363512396812
-0.00926205608993769
0.0157313048839569
-0.0240594558417797
0.00167631497606635
0.0188407059758902
0.0311437994241714
0.0464279614388943
-0.000498947221785784
-0.0380266942083836
-0.0493095889687538
0.00908014085143805
-0.0377137623727322
0.0260267611593008
-0.0128128323704004
0.0279990658164024
0.0451454780995846
0.0236629042774439
-0.0269224904477596
-0.0223693605512381
0.0460255071520805
0.00152777624316514
-0.00760187860578299
-0.0054673464037478
-0.0485048331320286
0.0225103460252285
-0.0133129181340337
-0.0168323311954737
-0.0344861671328545
-0.00438151927664876
0.026712816208601
0.0264127384871244
-0.048472948372364
0.0185249336063862
-0.0201298911124468
-0.0229326039552689
-0.000711448839865625
0.0214946214109659
-0.0218714103102684
-0.00343660707585514
0.0241904985159636
0.0258531793951988
-0.0350404940545559
0.0161790177226067
0.00516042672097683
0.0111076887696981
-0.00294121797196567
0.0344409234821796
-0.0356876812875271
0.0243371278047562
-0.0305926688015461
0.0432370565831661
-0.0172066260129213
0.0337137430906296
-0.0475701503455639
0.012749251909554
0.0141069442033768
-0.0364115871489048
-0.0442107394337654
0.022673087194562
0.00858679786324501
0.0105274366214871
-0.0200217347592115
-0.03337287530303
-0.0204327516257763
-0.00778901064768434
-0.0314879305660725
-0.0403181947767735
0.0378248989582062
0.0299178175628185
0.00762518914416432
0.0127841355279088
-0.0249487292021513
-0.0336921848356724
-0.0199803840368986
0.0187890194356441
0.0311695002019405
-0.0471280924975872
0.00305183255113661
-0.0394267775118351
0.0057030669413507
0.00470782583579421
0.0507332570850849
0.0239429753273726
0.0311431344598532
0.0168047733604908
-0.0420121848583221
0.00791660137474537
0.0107459360733628
-0.00990258995443583
-0.0402844399213791
-0.0383732579648495
0.0272225644439459
-0.0160994678735733
-0.00892685260623693
0.0125458473339677
-0.00901165138930082
0.000293287972453982
-0.0372176989912987
0.00531801953911781
0.0170866083353758
-0.00310931215062737
-0.0309274848550558
0.0510980896651745
0.051058504730463
-0.0497363433241844
-0.00704356655478477
-0.0482091754674911
0.00308054871857166
0.0239438656717539
-0.000966972962487489
0.0487734749913216
-0.034531693905592
0.0353501923382282
-0.038107093423605
0.0358185693621635
