-2.717505
-1.314355
-1.533025
0.957186
0.01175884
-0.2887413
0.4936956
-0.5014879
-1.99618
0.3849901
-2.862561
-1.47957
-0.09725041
-1.584986
0.2192612
-0.06064915
-1.582487
-0.1995478
-0.8862537
-0.6030767
-1.275316
-0.1920574
-0.4603306
-1.570966
0.371413
-1.161983
-0.4833376
0.229317
-1.658327
-0.2123117
0.05354777
-0.4849987
-0.7438391
-2.149481
-0.9554822
-0.07079052
-0.3945947
-1.297286
-2.08064
-1.22188
0.1039544
0.2711584
-1.054671
-1.240382
1.059439
0.1535321
-0.5435072
0.8347943
0.3036209
-0.6600123
-0.081785
-1.164788
-1.360868
0.6461399
0.3233965
-0.04502087
-1.239471
0.1538198
0.3392815
-0.2519098
-0.8920013
-0.999226
0.5286717
0.5762419
-0.08953498
-0.2609956
-1.166446
-1.362281
0.1114902
-0.9846972
-0.1238261
0.3613587
0.2816184
-1.118171
-0.6663172
-0.5207098
0.4950424
-0.1459281
-1.656593
0.6646262
-0.4987053
-1.710369
-0.6098153
-1.217785
0.9750924
-0.3955018
-0.4885927
-0.03611441
-0.03591814
-0.9813102
-0.2515118
-0.1349633
-0.1740953
-0.9059848
-1.043223
-1.671701
0.04757618
-0.5666412
0.1693261
0.313877
-0.8696519
-0.4838937
-1.9418
-0.8478136
0.8188424
-0.4862243
0.09900372
-0.3130574
0.6636245
-2.402667
-1.134183
-1.999352
-0.4414444
-1.36646
-0.04446326
-1.368303
-0.9432925
-0.7455027
-1.56017
0.1256865
0.2060833
0.7070854
0.2393122
-1.059321
-2.123376
-1.939794
-0.3118913
-0.3791302
0.5826138
-0.229761
-0.5858344
-0.9409088
1.598362
0.06921452
-1.67448
0.4380989
0.1532006
-0.4102696
-1.759424
-0.7933533
-2.199199
0.6381332
-0.1173699
-1.07121
0.1406115
-0.937424
0.6630923
-0.2850224
-0.7580676
-0.5775594
0.03070993
-1.50796
-1.5956
-0.4167234
0.1558992
-3.172894
0.3511579
0.714557
-0.2612205
-0.1782544
-1.770361
-0.6456941
-0.5074092
-1.743143
-0.8038195
-0.5452322
0.08077437
0.225994
0.2328078
0.2032828
0.1787521
-1.113485
-0.4357817
0.8128754
-0.2186939
-0.4861956
-0.4746216
-0.124892
-0.211769
-0.350303
-0.2249591
-1.37876
-0.5680418
-0.5207231
-0.1900376
0.1025836
0.3970101
-0.08085222
-0.3912289
0.1220669
-0.9447498
-1.485564
