0.0520282909274101
0.0548357367515564
-0.0534836947917938
0.0333615615963936
0.0475633814930916
-0.0615636631846428
0.0458675511181355
-0.15195919573307
-0.0296755451709032
-0.0553699508309364
-0.0200033616274595
0.0296694226562977
-0.00999006070196629
0.0393212549388409
0.00876665394753218
-0.0494874753057957
-0.0440232306718826
-0.0274449773132801
-0.0593553334474564
-0.14082296192646
0.00279037421569228
-0.0191258043050766
-0.185030937194824
0.0539857186377048
0.0397866889834404
-0.061221644282341
-0.176449328660965
-0.0424697175621986
-0.0162281189113855
-0.101396411657333
-0.0383299738168716
-0.0399633087217808
-0.118187442421913
0.0755035355687141
0.0270652659237385
-0.0493682846426964
0.117667749524117
0.022421820089221
0.0495788082480431
0.0364486910402775
0.0273809432983398
0.0337262563407421
-0.12724606692791
-0.107748195528984
0.0149152586236596
0.0871266201138496
-0.0984121188521385
-0.0921488627791405
0.0246524028480053
-0.0400800928473473
0.0331465750932693
0.0102433236315846
-0.0224639326334
-0.0245086140930653
-0.0921114012598991
-0.12459484487772
0.012802547775209
-0.0461515076458454
-0.0263426508754492
0.0309169460088015
-0.0413497537374496
-0.116292357444763
-0.0359549857676029
0.0557444356381893
-0.0586568266153336
-0.0246293470263481
0.0458812527358532
-0.0127435456961393
-0.00848038122057915
-0.0961493104696274
0.0448511354625225
-0.0608062259852886
-0.0108057437464595
0.0502068065106869
0.0032841102220118
-0.130117774009705
0.0590666607022285
-0.0505647659301758
0.0489924736320972
-0.00886656995862722
-0.189319312572479
-0.0962310880422592
-0.0268576387315989
-0.0257752295583487
-0.0807532668113708
0.063753753900528
-0.121119447052479
-0.171487912535667
-0.0225867312401533
0.0295373946428299
-0.023305905982852
-0.0653672516345978
-0.111304178833961
0.0542735494673252
-0.0339431092143059
0.0667258948087692
-0.00993247702717781
-0.137436270713806
0.0418516919016838
-0.0250055938959122
0.0385092496871948
-0.0826656967401505
0.0420628152787685
-0.131555527448654
-0.0550657957792282
0.0559285320341587
-0.00848203990608454
-0.00178042834158987
0.0368338860571384
0.0378147885203362
-0.0215407721698284
-0.0373448617756367
0.0342444851994514
0.0521760620176792
-0.0270576551556587
0.0135108726099133
0.0570907071232796
-0.0129165491089225
-0.0323437377810478
0.0397400185465813
0.0569509454071522
-0.0209216382354498
-0.0530604161322117
0.0678894221782684
0.0712452158331871
0.0335666537284851
0.0177058577537537
0.0051163537427783
-0.000803907983936369
0.0385492853820324
-0.0471330881118774
-0.0214123781770468
-0.0512680932879448
0.0503672808408737
0.0409660749137402
0.0392003208398819
0.0468261688947678
-0.048714779317379
0.0208116769790649
-0.010160488076508
0.0546505376696587
0.0315191112458706
0.0410179756581783
0.0779739692807198
-0.0323838107287884
-0.0704908445477486
-0.0809229835867882
-0.0417098104953766
-0.0400732271373272
-0.0375423692166805
0.0444973893463612
-0.0455322973430157
-0.0398281067609787
-0.0899038314819336
0.0155335422605276
0.0278247967362404
0.0532401762902737
-0.0709172114729881
-0.022440729662776
-0.025774409994483
-0.0135562587529421
-0.0682351291179657
0.0360955595970154
-0.0126452213153243
-0.0344221480190754
0.0586537420749664
0.0134715465828776
-0.0218686442822218
-0.00124545639846474
0.00506999343633652
0.000727317179553211
-0.00553340977057815
-0.0882831513881683
0.0708106234669685
-0.0428515411913395
-0.0441121570765972
-0.148663118481636
0.0499304719269276
-0.0987004041671753
-0.0375240780413151
-0.0392731949687004
-0.0205231327563524
0.0342464968562126
-0.160909801721573
-0.0040021981112659
-0.0314690098166466
0.0248346608132124
0.0353139191865921
0.00713235000148416
-0.0492596887052059
-0.037848949432373
0.0109438989311457
