5.859498
5.362494
3.364784
5.174135
2.67113
0.4628608
4.714339
0.1989344
3.296622
0.1942851
4.273792
1.368298
3.392643
4.129234
1.19506
5.006545
2.690207
3.461096
0.2801276
3.083591
4.05869
1.947378
4.218298
5.582059
3.476531
5.18486
2.325547
0.3697007
2.775615
3.48478
5.48462
0.9565577
4.482281
6.586553
0.7423525
3.775981
2.060263
3.985735
6.818042
5.214797
2.035851
2.040875
4.424711
3.571395
2.389331
3.216315
0.4382235
0.3275032
3.345901
0.2756767
2.579192
0.4553463
0.9244426
0.9545072
3.69043
0.1961368
1.329232
0.1221338
3.974863
2.747437
2.268122
6.024875
1.131593
4.589439
0.1870328
4.438169
3.359985
4.728112
3.195953
7.299579
1.81785
0.2066305
3.17303
3.48305
3.469064
3.536653
2.632424
1.555582
3.005888
0.2697982
0.7512093
6.635591
2.547353
3.124792
0.3064488
2.423948
4.457249
0.8803043
0.5508478
1.735491
3.300733
5.365403
2.69405
0.8347679
1.161942
4.168934
1.78778
1.560438
4.014
0.555382
1.317389
3.053231
5.605918
4.803243
0.1401938
3.042653
3.692015
2.076241
4.771662
6.167391
0.4914616
4.654117
3.940009
3.846277
1.972514
2.860733
3.592323
5.010367
3.982901
3.383967
3.512351
1.39865
1.372991
3.155934
4.111987
6.019457
1.946135
1.816029
3.512266
1.947252
1.214764
5.47559
1.539228
3.521076
1.998733
4.113019
3.662753
5.787684
3.245322
1.790196
5.046351
3.446215
3.421558
1.042125
0.8498849
0.5184578
0.3166825
5.832574
5.289431
0.3362768
2.596009
2.799341
3.923615
3.02308
4.173762
4.470698
3.772037
0.1476956
0.4969816
2.25433
4.173871
3.926565
1.348611
4.336968
1.429358
3.07496
1.61513
1.519382
2.583267
1.608583
0.3675804
1.449014
3.168308
2.938944
6.481196
6.291995
2.74543
3.518807
0.346003
2.246222
4.794498
2.060388
2.832288
2.662619
3.906986
1.755411
2.116403
2.651755
3.073524
2.776958
7.687825
1.893697
