1.03125023841858
1.03461480140686
0.979081034660339
1.02802741527557
0.986474573612213
1.0140209197998
1.00775289535522
1.02572631835938
0.977619409561157
1.05077266693115
0.999677181243896
1.02056443691254
0.980387508869171
1.01805675029755
0.967301785945892
1.01629543304443
0.969018816947937
1.00505268573761
1.0014317035675
0.972210943698883
1.03286302089691
0.961771488189697
0.920816600322723
0.990994453430176
0.925882458686829
1.00125241279602
0.987859547138214
0.975941181182861
0.988324820995331
0.989897549152374
1.00321805477142
0.97292423248291
0.940030753612518
1.01602220535278
1.01413917541504
1.00274622440338
0.962072908878326
0.988870203495026
1.03364276885986
1.01524412631989
0.998129785060883
1.00433611869812
0.956197738647461
0.990072309970856
1.00590181350708
1.00212347507477
1.01530981063843
1.05308520793915
1.00860857963562
0.986693263053894
0.990501999855042
1.02606689929962
0.977539658546448
0.980342090129852
0.974724948406219
1.07082855701447
0.994727611541748
0.993779599666595
0.995759785175323
0.891031503677368
0.971232891082764
0.976055681705475
0.961939811706543
1.01019275188446
0.98532372713089
0.996356427669525
1.02600240707397
1.04321539402008
0.985328912734985
1.01491677761078
0.950385689735413
1.03242266178131
1.02447140216827
1.0387362241745
1.00888228416443
0.95829975605011
1.01086211204529
0.958344578742981
0.963710188865662
1.14186251163483
0.979611992835999
0.958358347415924
0.963625490665436
1.01601719856262
1.07570481300354
1.05618929862976
0.928499639034271
1.00665903091431
0.978881001472473
1.00179612636566
0.964495062828064
0.983970880508423
0.919034004211426
0.965234339237213
0.981113255023956
0.999332845211029
1.01906096935272
0.968738496303558
0.983331561088562
0.992698192596436
0.968624711036682
0.959720730781555
0.987072169780731
0.938539564609528
0.973387539386749
0.983898043632507
0.997533202171326
0.975494682788849
1.0147852897644
1.03107953071594
0.979671537876129
0.979609787464142
1.04319131374359
1.00385665893555
0.977080285549164
0.998495697975159
1.05630695819855
0.976905524730682
1.02541983127594
1.00886011123657
1.01535308361053
0.967579901218414
0.967297077178955
0.977478742599487
1.04567468166351
1.03788685798645
1.02515828609467
0.983657658100128
0.962774991989136
1.00073182582855
0.971520841121674
1.00237941741943
1.02259314060211
1.00933599472046
1.00824177265167
1.00005674362183
1.00417900085449
1.00747168064117
1.02904808521271
0.969611287117004
1.02565324306488
1.0061342716217
1.01148343086243
1.01937973499298
0.96593827009201
0.984347879886627
1.04812729358673
0.997334897518158
1.01401746273041
0.9742471575737
1.03239107131958
1.00497388839722
0.992084801197052
0.947915971279144
0.955352246761322
0.99471914768219
1.00563883781433
1.02630853652954
0.981840014457703
0.986261367797852
1.0382719039917
0.963257551193237
0.985920369625092
1.04108893871307
0.959249258041382
1.00504636764526
0.952978789806366
0.967622637748718
0.981155872344971
0.98239654302597
1.09420573711395
0.978354036808014
0.999389111995697
0.989099740982056
0.987920820713043
0.997762680053711
0.937704861164093
1.01266372203827
1.045046210289
0.970336854457855
1.00642490386963
0.975774765014648
1.04997766017914
0.933524966239929
1.02516651153564
1.02378630638123
1.00933086872101
1.02796113491058
0.982723236083984
0.94133049249649
1.003009557724
0.97477787733078
