-0.0197522845119238
-0.0482009686529636
0.0668715164065361
0.06839419901371
-0.0672883093357086
-0.0353709757328033
-0.0142184821888804
-0.00228079105727375
0.0520900636911392
-0.014393012970686
0.0482916086912155
-0.00423352187499404
-0.0232192054390907
0.0570851042866707
-0.03883346170187
0.0653084069490433
0.0328116714954376
0.00236500101163983
0.0684548392891884
-0.062226802110672
0.0722962617874146
-0.0286183841526508
0.0173112954944372
-0.0132928984239697
0.0225526262074709
0.0338073894381523
-0.00594842992722988
-0.0318443663418293
-0.0592203177511692
0.0551844201982021
0.0181242413818836
-0.0200690384954214
-0.0165065601468086
-0.010072379373014
0.00768294977024198
-0.021691283211112
0.00165690528228879
-0.0590387508273125
-0.0462536476552486
0.0564282983541489
-0.0313266888260841
0.0240879729390144
-0.00554964644834399
-0.0628867670893669
-0.0235007628798485
0.0645513832569122
0.0654487833380699
0.0451136864721775
0.000365736981621012
0.00064293306786567
0.019895838573575
0.00208770437166095
-0.0439086556434631
-0.0213270280510187
0.0512503013014793
-0.031963624060154
-0.0460521504282951
-0.013464261777699
-0.00764774484559894
0.0738123580813408
-0.0606220550835133
-0.0639271140098572
-0.00832655746489763
0.0281106419861317
-0.0716874450445175
-0.0684797614812851
0.0534278228878975
0.0631043016910553
-0.0228381995111704
-0.0648673549294472
0.0670924857258797
0.0131711149588227
-0.0513910911977291
-0.0486182905733585
0.0492186658084393
0.045892495661974
0.0353695712983608
-0.027365904301405
-0.0209649261087179
-0.0589215829968452
-0.029343131929636
0.0393225066363811
-0.0541062615811825
-0.0196004137396812
-0.00536240497604012
-0.0659304782748222
0.0514600612223148
-0.0178456772118807
-0.00180053652729839
-0.0495993494987488
-0.0177720710635185
-0.00646287342533469
-0.0683909356594086
0.0136424005031586
0.0657201334834099
-0.0692743808031082
0.0351529568433762
-0.0551501959562302
-0.0716203078627586
-0.0688406154513359
-0.0656783878803253
0.0308527816087008
-0.0585195794701576
0.0334264300763607
0.0041646552272141
-0.0333231091499329
-0.0116939777508378
0.0460001565515995
-0.0673651099205017
-0.0458686277270317
0.0155900558456779
0.0449407137930393
-0.0604440420866013
0.00813932903110981
0.0377575941383839
-0.0709905549883842
-0.0687889754772186
-0.016215555369854
0.0629383251070976
-0.0314024239778519
-0.0691399127244949
0.01200548466295
-0.00196343497373164
0.0538342371582985
-0.0504495725035667
-0.00338837527669966
-0.0536832585930824
-0.0427050404250622
