-0.2890152
-0.1006664
-0.1268004
0.04852357
-1.409633
-0.5963385
-0.6397432
-0.3903438
-0.5893893
-0.3974492
-0.5353276
-0.6334911
-0.58373
-0.1507381
-0.4944267
-0.7915644
-0.4439069
-0.872688
-1.314474
-0.6873176
-0.1573493
-0.8158187
-0.6495763
-0.744291
-0.1343569
-0.8319978
-0.3553348
-0.84883
-0.8425378
-0.6819663
0.1186839
-0.3144895
-0.8241395
-0.9203348
-0.09838668
-0.8745167
-0.6428511
-0.5992185
-0.9196906
-0.327238
-0.249248
-0.9027577
-0.8057753
-0.4854886
-0.1629927
-0.6152084
-0.4121723
-0.5780878
-0.5030385
-0.4995352
-0.6588399
-0.4606417
-0.3655781
-0.4215344
-0.2051628
-0.8394907
-0.6544595
-1.27922
-0.8484117
-0.3287024
-0.4177899
-0.2925819
-0.4236979
-0.1310108
-0.4245184
-0.5342978
-0.6822636
-0.09336149
-0.6687256
-0.4280205
-0.9190754
0.01845634
-0.2463091
-0.5948038
-2.147997
-0.3980138
-0.6160932
-0.8152349
-0.3527147
-0.4777073
-0.605245
-0.708658
-0.6077953
-0.6722879
-0.4460883
-0.9372354
-0.7884292
-0.4435242
-0.3949983
-0.05526722
-0.4157387
-0.3848496
-0.7564178
-0.05071837
-0.246787
-0.6560348
-1.662943
-0.3830466
-0.5229072
-0.1335483
-0.2992497
-0.3854961
-1.373269
-0.6728154
-0.06738905
-0.4403687
-0.4257886
-0.1587745
-0.7151745
-0.6945962
-0.4436738
-0.343883
-0.3459262
-0.3825648
-0.2321145
-0.5830799
-1.106402
-0.8223408
-0.3755011
-0.4763284
-1.118366
-0.3800274
-0.4922067
-0.5127083
-0.2183577
-0.208906
-0.4459997
-0.581515
