1.1031357049942
1.10395002365112
1.03032732009888
1.01392948627472
1.14408767223358
1.0414879322052
1.06233251094818
1.05439877510071
1.03138613700867
1.1727522611618
1.06434381008148
1.06878507137299
1.12492609024048
1.02839374542236
1.14818012714386
1.08267593383789
1.08635437488556
1.13132894039154
1.14349496364594
1.04063200950623
1.04436361789703
1.11220407485962
1.1005038022995
1.11181831359863
1.11352550983429
1.05096220970154
1.0061092376709
1.1414989233017
1.05433166027069
1.17564463615417
1.04175496101379
1.0493551492691
1.1126401424408
1.12124669551849
1.26261305809021
1.18023836612701
1.09307932853699
1.0950915813446
1.11894977092743
1.04185080528259
1.00444209575653
1.12270867824554
1.17638373374939
1.01969385147095
1.037513256073
1.11766600608826
1.1169810295105
1.05615878105164
1.0479234457016
1.13076937198639
1.11136043071747
1.04257571697235
1.11444008350372
1.03836297988892
1.1006133556366
1.14455533027649
1.01511776447296
1.1178320646286
1.09547352790833
1.02644205093384
1.15648376941681
1.11569273471832
1.0971771478653
1.0418142080307
1.1802042722702
1.03638327121735
1.08732056617737
1.0336788892746
1.05187427997589
1.11307191848755
1.12821161746979
1.03438127040863
1.04982876777649
1.06847536563873
1.25508058071136
1.19242584705353
1.03678476810455
1.09532904624939
1.02231764793396
1.01590299606323
1.15153741836548
1.02529466152191
1.17939722537994
1.09927725791931
1.14719974994659
1.10975563526154
1.09356832504272
1.11504900455475
1.05325269699097
0.988280534744263
1.12075686454773
1.03178751468658
1.19872665405273
1.12469565868378
1.03551661968231
1.01732873916626
1.17392468452454
1.11364901065826
1.03233373165131
1.00771951675415
1.19235706329346
1.00680124759674
1.14005708694458
1.18849277496338
1.09505498409271
1.03339958190918
1.04930412769318
1.0748735666275
1.12799203395844
1.06833159923553
1.02172613143921
1.01937866210938
1.11552035808563
1.11346125602722
1.11116802692413
1.10489857196808
1.12799787521362
1.14823305606842
1.1601585149765
1.20586490631104
1.12358176708221
1.03354239463806
1.01508939266205
1.21862483024597
1.01445019245148
1.07578372955322
1.0854172706604
1.03858613967896
