0.0765487179160118
0.0802622064948082
0.0162438210099936
0.0165623426437378
0.14255179464817
0.0386428311467171
0.0635082870721817
0.0391822010278702
0.045170184224844
0.0820571929216385
0.0551314279437065
0.0481228455901146
0.0669004619121552
0.0347077026963234
0.0884061381220818
0.0464841946959496
0.0619218088686466
0.127105668187141
0.148250445723534
0.0448795966804028
0.0157403517514467
0.0987256318330765
0.0420651696622372
0.0582314133644104
0.0464715510606766
0.0537901893258095
-0.00217989762313664
0.103859201073647
0.0569762289524078
0.135401949286461
0.0178027115762234
0.0499889850616455
0.0935930535197258
0.090386189520359
0.082881972193718
0.109359122812748
0.0386737249791622
0.0529553219676018
0.0928075090050697
0.0392640978097916
0.00704876147210598
0.0872737541794777
0.122197784483433
0.00376228196546435
0.0064895530231297
0.0904055759310722
0.0865350589156151
0.0323077589273453
0.0442964024841785
0.0973966270685196
0.0842270031571388
0.0271619092673063
0.0568850189447403
0.0223595071583986
0.0653870329260826
0.109743617475033
-0.0025689413305372
0.090803936123848
0.0620778277516365
0.0157535932958126
0.0750162750482559
0.0422478169202805
0.0505792610347271
0.0448089800775051
0.0979733020067215
0.0147508336231112
0.0553142204880714
0.0127657698467374
0.0376261547207832
0.0914819911122322
0.135544270277023
0.0426975004374981
0.0344800502061844
0.0454375855624676
0.221091628074646
0.0650426372885704
0.0335440561175346
0.0632858574390411
0.0218953266739845
0.0076681193895638
0.103214673697948
0.0417235419154167
0.0532284341752529
0.0843678712844849
0.0799519419670105
0.0812721773982048
0.06060491502285
0.0846938565373421
0.0441617108881474
-0.00602746708318591
0.0640697181224823
0.0174507461488247
0.139627128839493
0.0851517841219902
0.0362694598734379
3.50001428159885e-05
0.164108172059059
0.0703950077295303
0.0293373800814152
0.0283623225986958
0.0756326243281364
-0.00925558712333441
0.138310730457306
0.0940105766057968
0.058002881705761
0.0223777126520872
0.0383930541574955
0.0318620875477791
0.125803500413895
0.0480018295347691
0.0139036681503057
0.00896863825619221
0.0658451020717621
0.0686389654874802
0.0830649882555008
0.0676633417606354
0.12000147998333
0.124571479856968
0.0781598091125488
0.143780663609505
0.107715010643005
0.0223078913986683
0.00360968825407326
0.173920184373856
0.0107387630268931
0.0130904261022806
0.039087425917387
0.0283314101397991
