2.06556
1.445044
2.215543
1.017668
0.6019534
2.056799
2.167344
2.430827
0.4550486
2.056214
0.5730332
1.146929
1.773871
2.423821
2.581443
1.322336
1.321354
1.619283
0.6268086
0.3972724
0.2539403
2.308984
0.889536
1.002523
1.424438
0.8043616
0.2208648
2.54867
0.1214165
2.589824
0.1183621
1.929572
1.041146
2.349826
2.249406
1.401104
0.5740099
2.371911
0.934472
2.611508
1.37209
0.231466
1.382653
2.958439
0.3106
2.591991
1.341678
0.5050008
0.3145812
1.344173
0.4985937
2.778866
2.438085
2.55306
1.350158
2.121363
0.2940001
2.648795
1.250815
3.010413
2.278806
1.18798
2.119861
2.140877
1.70273
1.872655
0.8333899
1.408275
0.9694237
1.560542
0.8736013
2.380134
2.736509
2.729953
1.379711
1.121586
0.1355397
3.315407
3.480891
2.338416
1.258417
0.2750058
0.6956228
1.400759
1.822246
2.716142
1.337935
1.991455
1.459623
1.248922
1.87747
2.242474
2.70188
1.869787
3.126373
0.4167347
1.119112
1.962014
3.079928
1.354311
2.20406
0.1188479
0.9743866
0.6448891
2.087773
3.403876
2.936329
1.491119
1.296801
1.18011
2.482491
3.204183
2.83432
2.438102
1.830427
1.284623
1.446693
1.318139
2.003764
1.029806
1.636133
2.786738
2.202713
1.290847
2.24765
0.2212409
2.489999
0.3965772
