0.155314639210701
0.135092467069626
-0.0960852652788162
0.0308094080537558
0.172574549913406
-0.0801931694149971
-0.0892866179347038
-0.124105460941792
-0.0416183434426785
0.159544914960861
-0.0425594039261341
-0.0775932371616364
0.127916425466537
-0.113807156682014
0.125330999493599
-0.0851916521787643
-0.076361782848835
0.183787852525711
0.145060285925865
-0.00405447464436293
-0.0512042716145515
0.146766155958176
0.0741273835301399
0.0526461079716682
0.0963476523756981
-0.0636998564004898
-0.0543970167636871
0.146790027618408
0.0148854851722717
0.168949410319328
-0.0122616225853562
-0.107180707156658
0.168094083666801
0.155530080199242
0.137440085411072
0.0984948128461838
0.0615471974015236
0.173614680767059
0.0838338136672974
-0.0983734056353569
-0.0978128388524055
0.031815804541111
0.0983388125896454
-0.139440268278122
-0.0472372882068157
0.107806727290154
0.132116302847862
0.0297578759491444
-0.0808132514357567
0.115500994026661
0.0870539993047714
-0.104631088674068
0.19392304122448
-0.129813313484192
0.0890350267291069
0.148701474070549
-0.0479926839470863
0.136464029550552
0.146854564547539
-0.121940761804581
0.171347558498383
0.108127497136593
0.144078224897385
-0.128206610679626
0.117052786052227
-0.0676795095205307
0.0323754586279392
-0.0634700953960419
0.0495725572109222
0.119686774909496
0.135994434356689
-0.123436629772186
-0.105316132307053
-0.0698355212807655
0.126101329922676
0.1021513864398
-0.0611391216516495
0.140471965074539
-0.112777419388294
-0.108849138021469
0.158925399184227
-0.018605750054121
0.0876336470246315
0.159909680485725
0.109948866069317
0.171630620956421
0.115877836942673
0.166989862918854
-0.0733221247792244
-0.0305536612868309
0.125168487429619
-0.107195161283016
0.111752919852734
0.201456695795059
-0.120468512177467
-0.0824780240654945
0.14169517159462
0.114485919475555
-0.121721692383289
-0.0952838286757469
0.130929872393608
-0.0497551299631596
0.18280890583992
0.0722516179084778
0.143048077821732
-0.113886192440987
-0.0988237857818604
0.0921454802155495
0.187704563140869
-0.0927707105875015
-0.0968653410673141
-0.116010241210461
0.182550013065338
0.140229970216751
0.133670687675476
0.10822843760252
0.115005880594254
0.099371649324894
0.188113495707512
0.114537008106709
0.142817243933678
-0.104199521243572
-0.10938772559166
0.177070945501328
-0.0756392031908035
-0.0184418875724077
0.205118507146835
-0.104004740715027
