0.0585326142609119
0.086925633251667
0.0385191738605499
-0.0848318263888359
0.0553320683538914
-0.0135881770402193
-0.0344787016510963
-0.0276723373681307
-0.104746349155903
-0.140307024121284
-0.120279982686043
-0.0805443599820137
-0.117123305797577
-0.00243425369262695
-0.0493114702403545
-0.00324278976768255
-0.0193635821342468
0.0992293283343315
0.0760370865464211
-0.136506482958794
-0.0254273805767298
-0.140871465206146
0.0287188030779362
0.1428532153368
0.104015938937664
0.00963105447590351
0.0406745634973049
-0.131613492965698
-0.0968161001801491
-0.0291675180196762
0.148046910762787
-0.00315277511253953
0.132930472493172
-0.122374013066292
-0.106764413416386
-0.0570123307406902
0.104175344109535
-0.129190728068352
0.121543891727924
-0.08133215457201
0.0757367387413979
-0.131464093923569
0.113362483680248
0.0239328742027283
0.00365728558972478
-0.151705369353294
0.0689161345362663
0.102537423372269
-0.0531838051974773
0.0668285116553307
-0.120493717491627
0.0401742793619633
-0.112935796380043
0.0290755070745945
0.129315212368965
-0.122946292161942
0.0169399846345186
-0.111489981412888
0.108957968652248
0.0447456166148186
-0.0332603268325329
0.109069094061852
-0.100296191871166
0.0193209610879421
0.0700473636388779
0.0133133111521602
0.150012895464897
-0.0208128001540899
0.125971138477325
0.061401404440403
-0.034940529614687
0.0184588935226202
-0.00452323770150542
0.0690171122550964
-0.0175729263573885
0.0674788728356361
-0.12220586836338
-0.0935261249542236
0.00615159794688225
0.045244425535202
0.0683379471302032
-0.108975760638714
0.0197086930274963
0.0483684092760086
-0.0832646414637566
0.0793322324752808
-0.137661039829254
0.0684579610824585
-0.0910487398505211
-0.0337259918451309
-0.122247859835625
0.0482517443597317
-0.0425923280417919
0.0694733932614326
-0.0949490591883659
0.0621689110994339
-0.0453631989657879
0.12601637840271
-0.0189964696764946
-0.00313713145442307
-0.143247023224831
0.114286027848721
-0.0481065660715103
0.164586201310158
0.0707217752933502
-0.0556527152657509
-0.109560146927834
0.11059744656086
0.0697699934244156
-0.114898450672626
0.0658110976219177
0.0635292083024979
-0.113731577992439
-0.127049431204796
0.125855654478073
-0.0937792211771011
0.0713634043931961
-0.0607015863060951
-0.123771600425243
-0.0560548044741154
0.115520916879177
-0.0744871273636818
0.0588669516146183
0.0170513559132814
0.000698723888490349
0.121809639036655
0.0402813144028187
-0.0749004557728767
-0.14469188451767
-0.130259990692139
-0.0506769716739655
-0.0273459106683731
-0.0292626339942217
0.028056675568223
0.0323083847761154
0.00753268366679549
0.0450665503740311
0.0653602257370949
0.00114899093750864
-0.0222881101071835
0.0749112218618393
0.0788863748311996
0.0873356685042381
0.0480807200074196
0.0628770738840103
0.0604790784418583
-0.0140977064147592
0.120986759662628
-0.0641673505306244
0.107521884143353
-0.0878440886735916
-0.0767672657966614
-0.00547844264656305
0.115694344043732
-0.109218254685402
0.0902787819504738
0.0882253274321556
0.0256739836186171
-0.118126302957535
0.0849503204226494
-0.0206695478409529
0.0133584504947066
0.065062589943409
0.122289918363094
-0.105332307517529
0.138324648141861
-0.0699359029531479
-0.0442292876541615
-0.0239249933511019
0.0752830281853676
-0.0138068897649646
-0.0265766493976116
-0.121095165610313
0.0359182804822922
-0.107517026364803
-0.134075805544853
0.0910610780119896
-0.155109480023384
0.124379634857178
0.0340473055839539
0.105056025087833
0.0450077429413795
-0.0797761082649231
0.190198674798012
-0.120359681546688
0.0742118656635284
-0.0567315630614758
0.00444737588986754
0.144947797060013
-0.0227940622717142
0.0988565981388092
0.0878666415810585
-0.0455547012388706
0.010341121815145
-0.168098270893097
-0.0429223366081715
-0.123360350728035
-0.141300991177559
-0.106881156563759
0.0599944181740284
0.0261352248489857
0.0961050018668175
0.063415139913559
-0.0703915655612946
0.100711151957512
0.0864992439746857
-0.0315930768847466
0.00749177439138293
-0.0534571371972561
0.0334595702588558
-0.0846665501594543
-0.105630941689014
0.0846829563379288
-0.00265699275769293
0.0977443382143974
-0.0848416313529015
-0.0205188747495413
-0.0887491106987
0.0738456398248672
0.0136560928076506
0.0877124592661858
-0.0684319362044334
-0.0383487828075886
-0.109874688088894
0.000790889258496463
-0.153045415878296
-0.00497882440686226
0.0824224501848221
0.00484607229009271
-0.0587067157030106
-0.0661129280924797
-0.0713410228490829
-0.102014273405075
-0.0584730878472328
-0.0597399845719337
-0.0893473029136658
0.0400902144610882
-0.0242997650057077
0.0541215948760509
0.0383261516690254
0.0784734934568405
0.0523936599493027
-0.0331549383699894
0.137344941496849
-0.100357159972191
0.141027361154556
0.0954257547855377
0.143987998366356
-0.0244892351329327
-0.0741668716073036
0.0234034638851881
-0.018489446491003
-0.0455851778388023
-0.062885582447052
-0.0834731310606003
0.0795176103711128
