20
2
10
25
-0
-29
-8
-12
21
-20
12
16
-10
-2
5
24
10
-18
-24
-3
-48
40
17
17
8
13
51
2
16
12
16
23
-7
-22
-5
-18
-13
5
-2
-18
-14
-25
6
28
9
13
-23
-33
-17
-6
3
-15
20
-18
-7
-1
4
15
-20
29
6
5
-9
4
24
-20
-19
18
9
-25
15
12
14
9
30
-18
-15
-13
14
23
28
-3
24
-1
35
-9
-26
-5
-14
-6
-4
2
-4
-5
25
18
-20
19
-16
18
27
2
21
0
-5
-22
30
-9
-2
-1
-24
-26
-15
5
-14
14
0
19
5
14
31
-14
-11
2
0
-7
-2
-12
15
25
-1
-22
-15
-9
2
-18
25
-5
18
10
17
-3
-22
-6
29
15
21
16
16
18
23
0
-5
-21
1
-1
-17
8
-26
7
11
31
1
-11
-18
6
-23
8
7
-8
21
-3
-24
-27
-2
-20
8
8
3
-2
18
12
-12
0
-0
-19
23
0
-4
-5
12
-28
7
-33
12
-15
-9
-0
8
31
14
-9
7
21
11
-15
17
-11
1
-18
18
2
-19
-13
23
-33
-36
-29
-7
18
-24
8
6
-2
10
-34
18
20
-21
-32
27
24
-16
19
18
-11
3
-18
-19
-24
-0
-3
12
6
-16
-11
-9
-12
-1
-6
-9
2
9
29
7
24
13
21
36
-6
2
11
25
-7
-29
-11
-31
21
-19
28
6
5
-30
-24
3
-10
-32
-17
12
-7
27
15
33
-28
-21
20
-0
5
-17
2
-12
-5
9
25
22
-5
-7
5
-9
23
-16
16
8
-3
-18
-1
-5
0
12
7
-18
10
9
18
23
-23
12
-31
-5
3
28
20
-7
-18
19
-2
1
14
5
-15
2
-17
-25
4
13
-24
2
-8
9
6
9
32
-32
-4
13
35
-2
11
-6
21
25
-26
-9
-1
0
23
-25
11
-19
18
-14
27
-17
-7
3
6
-1
8
-8
21
13
-21
-8
-13
-8
-3
12
-19
-13
-8
3
-1
29
22
19
-22
32
3
-9
15
-4
16
5
21
-3
-20
11
24
18
29
12
-3
11
-7
18
-8
1
13
-5
-10
-12
-24
-7
-0
-33
-2
-28
3
-22
19
6
-23
13
3
22
17
-2
-32
13
12
33
-22
-12
6
6
-2
-4
4
13
-5
-15
-0
-6
31
-2
12
38
-17
1
2
-16
13
24
-2
-7
-20
9
-16
23
0
-16
-21
-0
25
-3
-7
-14
-12
26
-18
-12
-14
18
33
-15
-10
-16
28
23
22
7
-8
-5
-36
-22
25
-31
-2
-3
-15
-33
8
-0
39
6
-15
19
-28
6
1
24
-24
3
-25
-32
-27
-3
-11
-7
1
-13
7
-33
-54
29
24
-3
-14
10
-9
-16
20
11
-7
-23
-13
14
-29
12
-3
3
-18
-8
31
-24
-6
-6
-11
1
-16
-25
-1
8
41
20
20
-21
-31
15
-5
29
20
-14
-10
-12
18
-37
26
-15
-13
-16
-8
15
12
-37
-29
34
-2
-6
25
27
-3
-14
1
-14
11
10
13
-5
-7
-5
20
6
18
14
32
7
31
18
-21
-7
8
-15
4
-20
-8
-9
28
2
-0
-19
-9
14
-28
-16
-28
7
31
-20
13
18
8
-24
0
7
16
21
0
-36
1
-0
-4
-2
4
5
-1
-13
22
-0
-24
6
-10
-29
18
17
-14
-19
19
-0
-12
-18
21
-4
17
-8
25
7
19
-3
21
22
-13
-5
4
29
16
4
-30
-6
9
-7
1
0
13
11
27
19
-14
-13
14
5
14
18
11
-1
15
-18
-20
25
5
-20
21
-20
-15
-11
-0
-3
4
16
31
19
26
19
27
-2
17
-7
12
-14
-26
17
-4
-8
-6
8
-6
-9
3
9
-3
17
-10
26
-0
6
13
-34
-7
-20
-16
1
-6
-3
-6
25
-13
21
-25
19
3
-10
9
3
-27
-12
18
1
-21
-52
17
-25
25
-5
4
-7
14
-6
-33
4
0
6
19
-17
8
-3
-28
-25
17
-7
-45
-12
-28
-17
-6
-3
2
-1
14
-4
11
14
-3
2
4
1
-28
-16
-3
20
-8
24
18
-23
-16
-11
14
-24
6
-6
-17
8
25
-1
7
7
-20
-11
-1
12
21
29
-3
-28
-19
-11
23
-2
8
18
7
-10
28
-29
-27
-12
32
-10
-6
-15
-3
-9
18
9
-1
-27
-12
-18
1
23
33
38
-10
-6
-1
27
-29
-24
-7
-13
7
-8
-3
11
7
13
22
-20
-4
-31
-31
4
-16
-2
-33
35
27
-32
-3
14
-32
16
-4
15
-36
-11
5
11
-29
-30
18
5
1
-8
13
-6
-23
8
-20
-7
22
-12
23
-1
-27
-1
-6
3
-11
-34
-26
2
9
-31
21
-35
-19
-8
-22
9
31
25
-1
25
-26
-13
2
-16
-10
1
13
6
1
-13
-10
-21
-16
6
23
1
-10
5
27
14
-29
-0
-18
-2
-1
2
-3
-12
12
-38
13
-26
25
34
-5
8
-12
6
-2
1
-6
-8
-13
-22
-22
23
2
-9
14
5
8
21
5
-19
34
-18
8
31
12
1
-5
22
22
28
-8
19
-12
9
-32
13
11
5
-28
-5
-5
-17
32
-0
-20
5
-13
-18
11
-3
5
3
13
38
-23
-13
9
-3
10
-12
-13
-4
16
14
-1
-5
-8
-14
27
28
-20
-8
-19
-8
-21
-23
1
-11
13
11
21
5
7
-4
32
-1
6
8
22
-15
-19
-7
-1
6
-34
-10
-40
-37
23
8
22
15
10
-9
-19
36
31
-12
-16
17
-1
1
38
-17
12
-14
-24
15
-13
-17
17
-34
-6
-5
-30
-16
9
4
1
36
-10
11
-39
-30
-36
8
8
0
21
13
9
-3
22
14
33
5
-28
-23
19
3
-17
-35
19
-21
-25
-31
-4
-22
-4
-33
-37
-22
-16
15
-12
-14
-19
14
-21
31
9
-6
15
5
14
-6
-3
7
-28
-2
-11
2
-16
-4
31
-5
14
8
-16
32
-19
-29
-18
-15
-5
14
1
-7
2
-28
-22
-16
25
11
-30
21
33
17
1
-21
-19
-19
-16
29
-4
-1
-30
2
-3
-7
-10
-15
-14
-21
-15
-20
-5
18
6
20
14
-14
-12
21
-2
11
1
20
2
-11
-9
-32
-14
-18
-1
5
-23
-4
-21
35
-15
5
-26
2
23
4
16
-8
-14
-28
-20
27
1
-29
-10
3
-11
-1
-2
-28
28
-19
18
-13
-1
-28
4
14
15
-10
-2
9
15
-14
-17
18
-23
-33
-5
-30
32
-19
28
-9
-19
7
6
6
29
-6
-8
17
-10
-11
-7
-4
-18
-7
-15
3
-3
-17
25
-27
7
23
-26
29
-27
22
22
-11
1
-16
14
10
-14
29
15
2
-20
12
24
-13
18
10
15
15
-24
-24
-18
-15
8
1
-2
-22
-25
-0
23
4
4
-23
13
-19
-14
-2
19
-16
2
-7
7
7
-23
-30
16
-10
16
13
-4
-25
-6
31
-9
2
18
-13
-27
-3
-5
4
-21
-8
-5
-19
-29
4
-19
-33
17
-11
10
-5
-29
-2
28
20
-1
-8
29
-20
25
-5
-23
3
-16
5
6
3
-21
36
-13
-19
-5
-4
20
-22
-23
-26
8
-10
3
30
23
14
-0
-11
7
16
16
24
-8
-9
-21
-2
-7
-15
4
16
9
-15
-16
16
31
28
5
24
1
4
-11
-4
-4
-4
-13
17
12
20
19
3
21
7
16
-18
12
-30
27
-5
-11
-32
4
-13
-10
22
-10
18
11
10
-5
-25
6
2
-4
4
17
14
-7
-13
31
-0
25
-0
9
11
11
-3
26
-1
31
-26
-13
-1
16
-19
-20
-9
-15
-4
-16
-28
-15
-3
15
-6
-14
4
-8
-15
12
-2
-11
-0
6
8
-15
34
4
2
-43
1
-39
-10
-0
-26
-17
-17
-9
-16
-24
15
2
12
-7
29
16
-5
9
-11
-3
-5
-26
10
-0
31
-7
-10
8
25
-12
27
26
2
26
11
-14
22
-16
25
-1
-11
-10
6
-18
3
-7
-11
-1
9
-5
-5
6
-16
-5
-10
14
-8
-4
24
-9
25
5
-8
-3
-46
-6
19
-6
-21
3
-1
-5
-10
-10
-4
7
13
-7
-12
-9
1
-24
19
35
26
14
-4
-32
9
-7
-13
5
22
1
-5
-11
11
28
-13
-6
3
-15
-16
-2
19
12
15
-26
23
-1
7
-1
-12
12
-18
1
12
26
13
-6
-6
-4
-5
28
-3
11
12
-3
2
-37
22
-7
-23
-27
-22
-10
10
3
-25
-14
-14
16
-22
10
-0
11
27
11
5
-18
18
6
37
3
-2
-18
-9
3
-34
27
-28
-6
0
31
20
-1
-10
-11
-1
4
21
-19
-13
-10
19
6
-20
-16
-29
-30
18
10
0
17
26
-1
-11
40
-19
4
4
27
-6
13
-16
-9
29
-24
19
20
7
-32
-11
-21
14
-10
-3
2
-4
-8
10
12
15
-4
15
7
-15
10
9
13
-2
-23
3
-8
-9
19
5
-9
28
19
20
24
-17
-16
-16
-23
10
-8
10
21
-11
25
-14
16
-1
-8
-13
18
-0
6
-5
-8
1
13
10
-15
8
17
1
-7
-30
-20
7
-15
-16
-12
-2
0
-1
27
-37
24
6
-16
6
-17
1
-1
20
13
17
5
-20
-22
16
-1
0
-30
-38
-32
3
-4
-26
30
-24
8
-39
-40
37
-7
8
-36
13
-0
11
9
-20
-36
-33
-18
-0
18
12
10
5
-24
-1
15
0
-16
-10
-14
11
6
25
24
3
-4
-2
29
13
-8
-16
-14
16
4
-23
-7
-11
-4
-15
6
-0
-21
-4
1
26
7
-13
-23
-12
17
-18
7
36
-22
-36
-6
-17
19
-10
-1
34
4
-24
-9
-24
-12
-3
-25
10
-3
9
-9
-15
-4
-20
-6
3
-13
13
-30
-5
-41
-26
-14
7
-2
-21
-14
-36
-29
-12
2
15
23
-5
-52
19
-3
-21
18
-6
-31
2
11
8
-17
-19
35
1
-20
-2
17
-5
-15
26
25
-9
-17
-12
-15
-25
-2
12
25
-28
26
-19
-14
-27
16
-17
8
29
-18
33
-33
-23
6
-5
-11
-2
-21
-15
14
4
25
10
7
-10
-12
-35
26
-14
18
12
1
12
4
17
12
13
28
11
-15
-5
13
14
26
-16
-1
25
8
-11
19
-18
4
6
30
-12
-14
15
4
-15
-26
-0
5
-5
19
-14
-14
-4
12
-29
-15
18
12
-12
-15
16
23
-23
8
11
13
2
2
-5
8
22
-40
13
-4
8
15
-3
26
7
17
-6
2
25
-7
15
8
20
4
7
-3
7
-4
5
-1
11
15
29
-19
6
-6
6
-34
-0
2
17
-16
-2
7
-34
-11
-12
24
30
-16
13
4
-19
3
-6
7
-1
-8
0
-22
15
24
39
23
-18
13
14
4
16
-35
7
16
-41
8
-21
-12
-16
-5
9
2
-2
-33
-6
-8
15
1
11
-9
6
-9
5
-30
-19
-21
8
-29
11
-14
0
-18
-13
8
-15
31
25
7
26
11
-19
17
2
28
8
-3
20
-1
1
-32
13
6
-24
-13
-0
-4
-18
21
-29
-12
-29
-14
-17
2
-12
-20
-2
11
-4
-14
-26
-9
10
-7
7
-23
18
16
33
7
19
16
7
30
7
-22
-18
-25
26
-6
22
2
-7
17
-10
-45
-40
7
31
-7
7
-4
-14
-14
-4
3
-21
8
-6
-10
7
-10
-17
-1
1
-14
-8
9
29
-8
-9
3
-21
-5
-3
-13
-1
8
-10
7
8
-15
-20
23
20
6
0
6
3
-28
10
22
3
-14
22
2
-1
8
-9
-1
1
-9
-10
10
-1
26
2
-7
-17
14
-2
25
-6
3
2
-27
-16
16
-18
-4
-31
-3
15
9
13
17
-1
-34
-6
9
-20
24
15
12
18
14
-21
22
27
3
15
-21
-4
4
-11
4
12
18
-26
11
8
14
-24
-15
-12
35
1
9
4
4
-15
6
-47
10
-13
-11
-2
11
3
9
5
31
7
7
-5
1
26
-15
-7
3
17
19
-11
5
7
1
22
-26
-3
-21
-20
41
-11
5
-9
-10
-7
-5
13
-18
6
-2
41
14
-25
-25
8
24
3
5
0
-16
-14
-9
-10
-16
-21
12
-40
-18
-8
50
-1
-10
33
1
17
9
3
-22
-2
15
12
-34
-32
-36
-1
29
-21
-4
4
-21
-10
7
33
8
9
4
8
37
-29
-15
-36
-19
-10
9
-10
-23
-27
2
46
10
13
13
-21
18
21
0
21
3
20
-3
4
-12
3
30
2
0
19
30
-20
-8
27
-7
-2
30
16
23
-21
-8
17
-17
-9
18
2
-41
35
29
-4
6
6
7
23
23
-29
1
-30
-10
2
-13
19
-12
-16
-13
-10
-11
8
22
7
-21
7
-2
15
-14
-24
8
-7
1
-13
15
16
-20
-20
-4
-28
4
-29
13
32
-12
11
-11
26
-20
17
-30
15
-21
10
14
-12
14
-9
-18
-21
-21
-33
24
-3
17
-34
13
-2
-17
-23
6
0
36
-6
1
15
35
11
18
19
10
-16
20
3
-10
-11
-8
-6
17
11
-14
-1
32
10
-11
-3
-10
-3
-4
28
-36
18
-8
-19
24
17
4
-10
21
18
-6
-26
33
20
25
-6
-12
31
-32
-32
24
-4
4
-12
-5
-31
-16
27
14
0
17
-38
-14
0
13
-27
27
19
-15
-18
-25
10
20
-24
-9
-22
3
-26
-26
31
18
26
13
26
19
-16
21
-3
-16
13
16
6
13
25
-37
-7
1
-21
16
-5
20
-15
-12
-23
-15
-4
6
23
4
25
29
-3
6
-21
-7
21
-2
-8
-2
-37
8
-32
23
-10
-22
0
-7
18
-1
11
-13
19
7
-4
25
35
-11
-16
-3
-10
2
20
20
15
23
-5
2
5
-7
-14
17
-33
24
-6
-14
-11
-23
33
17
-1
10
-18
15
-26
-12
21
10
19
-1
17
-23
-25
2
22
-7
-43
5
16
-19
-18
-8
-7
-20
-6
-20
-3
3
-27
-8
-9
-15
-9
-6
14
-5
29
26
-31
12
-5
14
-3
-18
-7
3
9
5
-1
3
-11
-4
-10
-0
-9
26
9
-20
-21
11
-0
49
12
16
-2
13
-19
-1
-1
11
-9
-0
21
-2
-22
2
22
-16
5
-4
37
-22
-24
23
-11
2
-10
36
-31
-9
-3
-4
-2
-22
15
25
26
-13
27
1
1
6
-12
-0
-17
-5
-16
-11
24
-13
18
-24
17
25
-1
9
30
-1
-24
34
-25
1
10
-1
31
-18
5
-0
-7
-14
3
-20
8
-7
20
26
2
-16
-1
28
-34
0
18
17
8
24
4
-10
-3
15
-1
-26
24
-2
2
4
9
-11
36
9
20
8
-32
-10
-20
14
-6
15
13
1
9
-10
8
-3
22
9
10
-39
-27
-5
9
6
-26
-29
-37
-19
31
16
15
28
-23
11
16
22
-3
22
12
-30
-19
-21
-10
27
6
-17
8
-40
4
-7
-19
23
-21
22
20
24
2
17
-33
-7
-7
13
-5
-19
-8
-19
-9
-44
-43
6
-27
-10
-8
18
-33
-4
9
28
15
10
29
7
-12
-20
-26
2
-8
-12
-8
-10
-12
-7
-23
43
-14
1
-18
-12
-2
26
-6
15
7
27
8
-7
9
-28
-11
-6
-11
-27
-4
19
-9
7
12
-33
31
2
10
15
1
3
-16
13
-5
13
4
11
19
-17
-45
-6
-18
4
-9
-23
29
-11
-17
-36
33
-7
0
3
-18
-23
16
7
14
16
-7
4
-20
6
-21
-19
-21
17
13
-10
10
-8
-9
20
-10
10
1
-6
0
-19
-9
1
24
10
19
35
-16
-25
-4
23
-27
7
5
-9
-5
-21
10
4
30
-5
16
-8
-13
3
-15
7
-0
7
-11
-18
0
-17
-8
22
16
7
-7
-1
-10
2
1
13
-12
-4
-20
-9
-6
-15
-17
4
20
24
-12
-0
12
-2
-11
-43
-11
25
-3
-20
25
-8
4
-15
17
11
6
20
4
-10
21
-16
6
14
13
27
19
-1
3
32
-10
-8
11
4
13
0
-13
-8
-13
-4
16
20
17
-13
-21
13
14
-17
-26
-2
-19
-27
-3
15
-22
1
21
29
-6
-43
1
-29
20
11
11
26
-12
-11
-9
24
-14
-32
-4
-21
28
20
-9
29
-21
-8
10
2
13
-10
29
24
3
-6
-23
-23
18
11
-1
16
5
36
11
22
-4
20
-13
30
8
1
-0
17
12
7
4
-31
-14
10
29
0
17
-21
-15
5
-0
-26
-14
-17
-22
18
-13
10
-13
24
17
-29
15
-13
-34
-14
-27
17
-18
11
-17
-30
-22
24
16
8
8
-12
-7
-13
22
7
6
1
-14
-10
11
-16
-8
-9
11
-27
-19
-29
19
17
30
-23
37
27
23
-17
-7
8
-27
-16
-2
-19
8
-36
17
-14
13
-1
-1
3
-9
20
-12
-29
-32
1
18
30
11
10
-12
-8
10
-10
17
-30
-20
3
-12
-0
-18
36
-34
-8
-27
6
8
13
11
-27
-13
-3
-1
-0
11
-22
12
-46
-10
-2
-5
9
-7
-8
-5
2
18
-29
9
8
-7
8
-9
5
-35
12
8
-2
-1
22
-5
3
-9
20
22
25
3
-11
15
-14
11
-8
-15
23
13
-4
-47
0
16
19
-9
34
-5
33
-13
25
7
-18
19
-14
15
-14
18
-2
22
0
6
2
-21
-26
19
-8
10
6
-16
22
-15
0
14
-11
4
7
23
-8
-9
40
-5
-6
37
31
-1
-1
-3
5
13
7
2
-5
0
24
33
-24
-27
8
6
25
23
8
18
-27
-20
16
8
31
-37
-7
-2
-1
15
23
25
-13
-3
13
-18
4
25
-23
20
0
-6
-13
-15
-5
-25
14
-6
-12
-13
9
-8
-7
19
-13
0
1
-19
24
27
-12
-21
4
-10
13
-23
8
-22
-7
26
13
-2
-14
-9
-9
22
7
2
-19
-2
-6
33
-25
-10
3
13
-7
-19
-14
28
-13
39
-39
11
-12
5
-4
-9
6
-20
-25
2
20
7
9
-10
-18
-0
-17
17
-10
4
-7
-1
-28
35
5
-29
10
-20
34
-17
22
-18
-7
7
-2
14
-23
16
36
-20
-5
17
-4
10
-24
-6
-5
-7
2
-16
9
-8
-5
-38
8
14
7
-16
-1
23
-6
-17
1
-13
-35
10
1
28
15
-19
-27
14
-42
3
36
-16
28
-28
-5
6
-7
-10
-14
30
10
-6
13
3
-8
10
-4
36
-9
3
-0
-16
7
-21
26
-7
-21
-38
-2
-18
-1
28
-22
15
-13
-5
-12
9
-15
-3
-11
-26
-24
24
-11
25
-17
-5
-10
-41
16
-7
-3
-19
11
-11
36
-6
32
-15
16
29
13
5
-1
8
-25
-2
-17
-35
2
-11
-0
-11
-15
-24
-13
11
17
-16
16
29
16
4
-24
-5
-21
7
10
-11
-7
16
1
10
-10
3
-14
-11
-20
4
5
23
8
-25
-6
-28
5
-10
11
-18
-1
-18
10
-19
29
20
14
3
15
-5
-5
-14
30
3
9
-24
-8
7
-0
-20
-4
20
-10
0
14
28
4
2
26
-17
-14
21
-22
5
17
-25
38
-3
-8
-25
-12
-25
1
2
-13
-4
-10
3
-31
-12
1
-8
-13
-3
-7
-31
-10
-19
7
-10
9
-29
-15
18
-12
13
-15
0
3
-1
-11
4
-11
4
-17
-11
12
-1
-5
20
-10
-27
30
-7
15
-12
-26
-16
11
5
18
19
12
3
-9
25
-14
-5
-16
19
16
-6
-2
-7
-11
-13
8
20
-8
-29
13
26
17
22
-14
-23
9
-30
-9
12
-5
-24
2
-1
-11
18
0
-28
22
11
7
23
1
6
1
-4
-17
-12
21
-33
12
8
-14
-20
1
-27
-9
6
-26
9
22
4
0
30
21
18
-31
-22
-22
14
-13
-7
16
-13
7
9
15
-21
-9
18
-13
-12
-7
-7
-16
6
-2
-44
-6
-39
38
-10
6
-44
-28
-6
-24
43
2
-48
1
23
-3
41
29
2
-7
-7
-8
13
-6
-3
-16
-28
-26
-24
-36
-2
12
-10
3
39
-15
8
-17
9
-28
20
-8
-1
-3
11
-10
31
-16
17
14
-42
24
12
1
7
-13
-11
-18
-17
20
11
-12
8
-18
-17
15
-11
25
16
27
8
-5
-19
0
10
-3
-4
6
25
-15
8
-8
21
-2
-21
16
5
10
3
-19
1
6
25
8
10
-30
16
5
5
-9
17
17
-10
-15
-7
24
15
35
-7
-35
27
22
-12
26
0
-22
-5
26
4
-12
-0
-16
-19
35
-15
2
-32
2
-13
-17
20
9
11
-7
-5
-5
15
3
-25
11
20
27
4
-10
-1
13
-9
11
30
11
-12
29
-33
6
-24
-4
15
3
-6
12
-32
-15
-42
-6
2
-14
-6
-20
-10
-38
-4
25
22
-1
-8
7
-13
26
-16
-19
-41
2
-28
-10
-14
-4
-18
-12
2
3
-3
23
-5
16
5
-11
-0
26
-8
17
18
11
0
13
28
23
-2
-25
16
-2
-18
13
27
-9
-10
19
18
-5
16
32
-9
22
-1
-30
-18
-31
-1
7
20
-5
-15
-4
-22
-12
-9
10
-17
7
22
-2
-33
-9
4
3
19
-3
2
-21
-14
-4
-3
-14
25
22
8
-24
13
6
-5
6
17
8
31
14
4
-9
29
-14
-4
-7
24
-20
22
-18
-1
-12
14
-4
11
13
-30
13
26
-26
-5
-7
18
-34
-36
21
-5
-11
3
18
-18
-14
5
28
26
27
10
-29
24
-22
-7
2
32
-23
-7
-1
-22
-13
-43
19
-33
-13
-14
-17
15
15
-21
-19
25
11
-39
-18
15
-12
-1
-35
11
-7
-14
-29
24
-4
0
7
-4
-14
-9
21
-13
16
-6
-16
7
13
26
3
8
-9
23
23
11
-10
-7
10
-28
28
-16
10
7
28
-14
4
-10
-13
2
-1
26
-7
-6
-12
-16
-2
15
2
15
21
22
-29
24
-29
-9
5
4
-14
9
5
-30
-3
3
22
-14
-19
14
-24
35
23
-13
4
28
-43
-22
-26
-26
11
-17
9
-8
6
-1
-6
-13
-3
22
-17
27
-9
10
-31
5
-30
3
-30
-24
2
3
22
-12
3
-13
-24
17
-18
-14
19
17
26
-16
12
6
-21
-6
21
-10
-16
-7
5
-3
22
-6
31
18
-8
3
-10
9
21
-5
-13
-1
-11
-20
-18
-34
-20
-1
-12
7
-17
-9
24
-10
18
5
10
-26
18
-4
-4
-10
14
5
3
-8
-1
-25
1
-1
3
17
-6
-11
0
-7
-8
-21
-12
24
-3
-10
19
5
-27
-16
-16
36
7
-10
-11
12
2
19
4
21
-8
1
10
-15
33
14
-2
-13
-21
-16
-23
-29
-13
-20
-8
-30
21
-8
-33
17
7
-3
14
-6
-9
23
-21
-3
-13
6
19
2
-9
18
6
-5
-9
0
17
3
8
-16
1
16
-13
11
11
1
-22
26
13
-17
19
4
-7
-13
-5
19
-1
-23
-7
-26
0
-25
7
-16
-25
-8
-22
24
-1
-16
18
28
-31
-3
-10
17
-16
10
4
-2
-9
-1
5
18
11
-27
0
24
-9
-10
-13
10
29
2
-0
23
-19
-29
-5
23
3
-26
-18
-4
-31
-17
29
-57
14
17
-16
-5
-25
13
-20
-16
17
-1
-36
26
12
13
-6
22
-10
4
-22
-16
-13
-25
-16
-34
-11
4
-20
35
28
16
-9
-9
10
4
-23
-2
-33
25
-30
19
-8
0
1
-14
8
-19
-4
-4
-17
18
-7
-40
11
-20
18
36
22
-16
4
-26
10
26
-2
18
18
15
1
19
-4
10
-10
-1
-23
0
0
30
-9
40
-21
-8
38
17
-14
23
-10
19
12
-11
-5
-25
-29
14
9
8
-13
12
-7
11
11
-17
14
28
17
-22
-4
0
18
13
15
-2
-26
-15
4
14
32
-2
1
-24
-20
-2
-10
0
12
-4
1
-7
3
-23
-37
-10
7
18
-2
-12
9
-8
18
22
-5
-3
14
-5
6
-4
13
-23
10
12
-23
24
12
18
-6
26
-34
26
5
-18
35
-30
8
11
-8
-18
-26
21
-23
15
1
-8
22
17
17
-9
-24
9
-2
15
-16
3
2
-3
-8
-15
20
-5
-1
-22
-7
14
-20
11
-35
-19
11
6
-25
14
2
-40
-11
-20
7
-8
12
4
13
-32
11
-5
-13
8
-36
-10
-1
15
5
-5
16
-20
-5
-5
-16
16
32
6
10
27
2
-16
-7
-25
11
