13
14
-14
9
12
-16
12
-39
-8
-14
-5
8
-3
10
2
-13
-11
-7
-15
-36
1
-5
-47
14
10
-16
-45
-11
-4
-26
-10
-10
-30
19
7
-13
30
6
13
9
7
9
-33
-28
4
22
-25
-24
6
-10
8
3
-6
-6
-24
-32
3
-12
-7
8
-11
-30
-9
14
-15
-6
12
-3
-2
-25
11
-16
-3
13
1
-33
15
-13
13
-2
-48
-25
-7
-7
-21
16
-31
-44
-6
8
-6
-17
-28
14
-9
17
-3
-35
11
-6
10
-21
11
-34
-14
14
-2
-0
9
10
-6
-10
9
13
-7
3
15
-3
-8
10
15
-5
-14
17
18
9
5
1
-0
10
-12
-5
-13
13
10
10
12
-12
5
-3
14
8
11
20
-8
-18
-21
-11
-10
-10
11
-12
-10
-23
4
7
14
-18
-6
-7
-3
-17
9
-3
-9
15
3
-6
-0
1
0
-1
-23
18
-11
-11
-38
13
-25
-10
-10
-5
9
-41
-1
-8
6
9
2
-13
-10
3
