-696
-336
-392
245
3
-74
126
-128
-511
99
-733
-379
-25
-406
56
-16
-405
-51
-227
-154
-326
-49
-118
-402
95
-297
-124
59
-425
-54
14
-124
-190
-550
-245
-18
-101
-332
-533
-313
27
69
-270
-318
271
39
-139
214
78
-169
-21
-298
-348
165
83
-12
-317
39
87
-64
-228
-256
135
148
-23
-67
-299
-349
29
-252
-32
93
72
-286
-171
-133
127
-37
-424
170
-128
-438
-156
-312
250
-101
-125
-9
-9
-251
-64
-35
-45
-232
-267
-428
12
-145
43
80
-223
-124
-497
-217
210
-124
25
-80
170
-615
-290
-512
-113
-350
-11
-350
-241
-191
-399
32
53
181
61
-271
-544
-497
-80
-97
149
-59
-150
-241
409
18
-429
112
39
-105
-450
-203
-563
163
-30
-274
36
-240
170
-73
-194
-148
8
-386
-408
-107
40
-812
90
183
-67
-46
-453
-165
-130
-446
-206
-140
21
58
60
52
46
-285
-112
208
-56
-124
-122
-32
-54
-90
-58
-353
-145
-133
-49
26
102
-21
-100
31
-242
-380
