1500
1373
861
1325
684
118
1207
51
844
50
1094
350
869
1057
306
1282
689
886
72
789
1039
499
1080
1429
890
1327
595
95
711
892
1404
245
1147
1686
190
967
527
1020
1745
1335
521
522
1133
914
612
823
112
84
857
71
660
117
237
244
945
50
340
31
1018
703
581
1542
290
1175
48
1136
860
1210
818
1869
465
53
812
892
888
905
674
398
770
69
192
1699
652
800
78
621
1141
225
141
444
845
1374
690
214
297
1067
458
399
1028
142
337
782
1435
1230
36
779
945
532
1222
1579
126
1191
1009
985
505
732
920
1283
1020
866
899
358
351
808
1053
1541
498
465
899
498
311
1402
394
901
512
1053
938
1482
831
458
1292
882
876
267
218
133
81
1493
1354
86
665
717
1004
774
1068
1144
966
38
127
577
1069
1005
345
1110
366
787
413
389
661
412
94
371
811
752
1659
1611
703
901
89
575
1227
527
725
682
1000
449
542
679
787
711
1968
485
