-5
-12
17
18
-17
-9
-4
-1
13
-4
12
-1
-6
15
-10
17
8
1
18
-16
19
-7
4
-3
6
9
-2
-8
-15
14
5
-5
-4
-3
2
-6
0
-15
-12
14
-8
6
-1
-16
-6
17
17
12
0
0
5
1
-11
-5
13
-8
-12
-3
-2
19
-16
-16
-2
7
-18
-18
14
16
-6
-17
17
3
-13
-12
13
12
9
-7
-5
-15
-8
10
-14
-5
-1
-17
13
-5
-0
-13
-5
-2
-18
3
17
-18
9
-14
-18
-18
-17
8
-15
9
1
-9
-3
12
-17
-12
4
12
-15
2
10
-18
-18
-4
16
-8
-18
3
-1
14
-13
-1
-14
-11
