-74
-26
-32
12
-361
-153
-164
-100
-151
-102
-137
-162
-149
-39
-127
-203
-114
-223
-337
-176
-40
-209
-166
-191
-34
-213
-91
-217
-216
-175
30
-81
-211
-236
-25
-224
-165
-153
-235
-84
-64
-231
-206
-124
-42
-157
-106
-148
-129
-128
-169
-118
-94
-108
-53
-215
-168
-327
-217
-84
-107
-75
-108
-34
-109
-137
-175
-24
-171
-110
-235
5
-63
-152
-550
-102
-158
-209
-90
-122
-155
-181
-156
-172
-114
-240
-202
-114
-101
-14
-106
-99
-194
-13
-63
-168
-426
-98
-134
-34
-77
-99
-352
-172
-17
-113
-109
-41
-183
-178
-114
-88
-89
-98
-59
-149
-283
-211
-96
-122
-286
-97
-126
-131
-56
-53
-114
-149
