15
22
10
-22
14
-3
-9
-7
-27
-36
-31
-21
-30
-1
-13
-1
-5
25
19
-35
-7
-36
7
37
27
2
10
-34
-25
-7
38
-1
34
-31
-27
-15
27
-33
31
-21
19
-34
29
6
1
-39
18
26
-14
17
-31
10
-29
7
33
-31
4
-29
28
11
-9
28
-26
5
18
3
38
-5
32
16
-9
5
-1
18
-4
17
-31
-24
2
12
17
-28
5
12
-21
20
-35
18
-23
-9
-31
12
-11
18
-24
16
-12
32
-5
-1
-37
29
-12
42
18
-14
-28
28
18
-29
17
16
-29
-33
32
-24
18
-16
-32
-14
30
-19
15
4
0
31
10
-19
-37
-33
-13
-7
-7
7
8
2
12
17
0
-6
19
20
22
12
16
15
-4
31
-16
28
-22
-20
-1
30
-28
23
23
7
-30
22
-5
3
17
31
-27
35
-18
-11
-6
19
-4
-7
-31
9
-28
-34
23
-40
32
9
27
12
-20
49
-31
19
-15
1
37
-6
25
22
-12
3
-43
-11
-32
-36
-27
15
7
25
16
-18
26
22
-8
2
-14
9
-22
-27
22
-1
25
-22
-5
-23
19
3
22
-18
-10
-28
0
-39
-1
21
1
-15
-17
-18
-26
-15
-15
-23
10
-6
14
10
20
13
-8
35
-26
36
24
37
-6
-19
6
-5
-12
-16
-21
20
