-7
-46
40
-10
-77
27
-38
-80
42
13
9
-28
-55
60
-64
22
40
-79
37
-53
-11
63
-66
49
-24
-85
-57
63
20
-32
75
7
-5
-45
-15
-56
76
97
-1
-14
15
-49
-45
35
-27
52
39
81
40
12
-15
-61
31
6
15
-2
1
28
9
27
60
-83
-59
-24
12
-60
40
-6
-2
-29
-67
-72
34
22
-80
-4
-78
-84
-57
30
-47
65
47
63
27
-24
-8
39
87
-74
-5
-3
18
-16
-7
-48
-30
-47
-8
-60
42
95
6
-2
25
-54
10
52
53
19
36
9
-24
49
-26
-30
-71
8
84
-1
28
-67
-11
-33
59
-100
55
-7
-77
-61
50
-18
-21
-7
-78
-58
53
17
6
-29
-43
-39
-49
-11
-29
-9
38
-14
38
58
68
-1
-17
5
-8
-25
7
38
23
19
7
-46
-5
-54
-17
11
4
12
27
-50
-30
82
-1
-19
48
85
-55
58
-22
-86
45
-21
8
-16
-16
-20
-50
-48
63
49
9
80
49
-63
52
-19
14
-28
-61
-85
53
16
2
-47
78
-65
-22
42
66
-67
39
-16
-21
-15
58
-18
-56
-76
61
-56
11
3
-29
-11
-19
-47
0
-47
84
64
12
12
18
-65
22
85
1
-60
29
58
63
-8
-19
68
26
-43
-81
-68
-33
-11
-55
-11
51
-31
81
-26
4
-51
51
-20
47
4
-36
-83
51
14
34
-45
-77
-71
-33
-1
-11
-9
27
-37
-41
22
-47
-82
57
13
11
86
6
26
-54
29
38
-32
1
-47
95
51
23
-13
16
-59
-27
89
-75
-47
37
-2
-20
-59
-19
16
-25
-100
62
33
-17
-12
-26
45
56
37
63
21
