34
-26
-16
4
-21
6
-21
38
14
-22
-10
2
27
-27
30
-22
21
-7
-14
35
9
5
-39
15
-5
-15
3
1
10
-6
-11
25
19
22
-37
10
-7
-11
-11
12
12
-5
-3
-8
13
27
9
-4
-54
-8
-0
12
27
-19
-40
-4
55
-13
37
-4
-23
12
-9
11
2
-5
25
9
-12
9
11
28
56
40
-32
-5
19
-1
11
-25
-19
-43
-26
14
-40
-11
55
-58
-36
22
53
1
21
-0
-26
-11
-23
-14
-18
3
29
26
10
2
-9
-12
40
-4
-12
-40
26
-20
-42
-10
45
-34
-8
4
-2
-6
26
16
-24
-25
-5
-4
-9
-5
-18
-34
-18
6
21
25
-11
-33
-13
23
-1
46
35
17
-16
2
-49
-23
-14
-13
57
3
1
-13
-20
-10
18
15
7
12
-11
3
-23
42
-31
-16
27
57
-29
-13
-6
38
-29
25
49
-22
16
36
-35
-35
9
-6
37
-24
17
-50
-18
-24
-30
-29
4
-1
-18
-21
-4
27
-4
25
-38
21
1
-5
3
10
-50
21
-3
-10
-36
12
-27
9
19
-14
12
33
-24
-39
-14
5
-25
-14
36
4
-27
-23
-6
-6
-10
18
16
-4
-22
-8
9
-26
-18
-4
12
-31
-1
4
3
-25
-13
6
6
-0
-13
21
-8
19
-53
-2
-7
9
-30
3
-39
-19
-13
-18
-5
29
2
4
4
18
-5
8
25
0
-38
-16
-4
-18
5
21
29
-28
25
-10
9
11
34
22
-25
-44
-8
2
-12
-10
-23
5
40
53
6
-6
3
-2
-5
-55
6
26
-3
2
-34
15
26
23
15
-20
-7
11
-64
-32
-12
48
35
10
25
-20
-45
-27
-0
-4
-20
-16
-9
-24
-40
18
-2
14
6
-33
-36
-6
-25
-30
-19
-12
-12
-12
-23
18
-26
26
39
-23
-13
-28
-19
-22
-9
33
-26
-26
23
45
-33
-1
-38
-17
-48
38
27
-21
-32
5
-14
-8
8
24
-23
23
29
-31
-33
4
20
-5
-20
-35
7
2
2
-30
-34
13
-6
21
3
-16
20
15
-4
42
-1
-48
14
-20
-56
-6
34
-26
18
17
-29
-7
30
13
-12
-52
34
-39
-1
-10
14
-37
21
-33
27
-9
-7
-50
-9
35
-25
-1
6
-11
2
-3
-55
-23
-29
33
-4
2
-34
-12
41
-23
24
34
-1
-28
9
-29
4
38
-56
-25
-20
-21
-15
48
4
-5
-11
-9
-8
-29
34
-11
9
-37
-5
-17
24
31
15
-26
-4
-13
54
13
14
-31
22
-26
15
-13
10
7
6
-0
25
36
14
-14
10
15
27
-8
24
-0
-56
4
-9
22
8
-8
6
22
-22
-17
14
8
-16
-1
-5
-3
-6
-0
18
-11
13
-13
-26
-23
12
21
-10
-19
-22
-39
7
6
-1
8
-28
-23
33
12
-44
3
-6
-34
-8
-35
15
4
25
-34
-38
19
35
-13
6
31
-43
2
3
-20
-15
33
28
16
-29
30
-18
10
-14
28
0
-24
-12
-8
-21
-5
8
15
30
-26
-33
8
21
-33
-5
15
9
9
20
-15
-12
31
4
-7
-18
-38
10
16
11
8
-1
15
14
-2
-35
3
-22
9
11
19
20
-38
6
18
-27
-36
8
10
4
-19
-22
5
14
-17
-4
-2
-2
5
13
39
-24
-14
7
22
-1
-13
-19
23
-15
-37
-17
-35
11
15
29
0
14
55
-3
-19
-6
26
3
19
-3
4
22
29
3
-30
37
20
-7
-20
16
-12
-14
-24
-12
-17
7
13
-0
-28
-9
16
20
6
15
-0
-12
-15
-25
-29
-44
-3
39
-26
4
21
-6
-31
42
-30
5
34
6
-13
7
36
-46
38
-16
31
-26
32
-2
-19
36
4
-25
-2
-20
-10
3
-21
36
-21
-10
5
-19
41
-10
13
-19
-8
2
-49
-13
19
-6
22
-29
-14
-2
18
-29
-6
-7
-3
27
-44
23
-23
40
23
36
-7
13
-13
16
13
-15
4
4
-4
-41
31
26
-3
21
-4
5
-3
-10
5
5
-16
15
-4
1
-11
18
-12
-16
29
-17
6
-1
2
18
39
-0
41
-2
-1
30
18
21
13
7
-13
-3
8
-8
-1
11
6
-6
-1
-8
-33
-11
-30
5
0
-7
-7
-10
18
-6
8
-6
-8
11
28
6
-11
-4
36
-13
-14
-2
1
5
-19
30
-17
23
28
12
23
-19
-16
-1
9
-6
-22
1
2
2
9
-13
31
-27
6
-49
18
25
-12
14
17
13
-22
17
13
4
10
-9
-24
-29
28
-3
16
8
-9
-11
-15
4
-12
-30
-13
-17
-8
7
38
9
-23
22
17
-4
14
-3
4
12
-19
-12
42
26
-50
6
-12
-13
-11
27
40
-4
19
30
-50
29
6
10
-11
-18
27
18
10
-2
-15
-27
1
-10
-18
-17
-10
25
-29
12
25
-23
-6
-7
12
1
-30
-9
-5
22
4
25
25
-3
-12
-14
33
-4
35
-6
-29
-4
33
-12
3
29
-3
-18
6
-8
25
-13
-15
12
16
-0
16
13
44
31
-21
-5
8
23
-19
-27
-2
-24
20
-4
-1
-3
-8
32
31
17
-7
-5
-4
26
22
1
-7
27
11
-9
28
10
23
-10
-3
2
2
5
-16
11
13
8
-5
13
24
22
-27
-2
5
2
9
-21
12
-3
-3
-3
0
-11
6
-2
7
-18
3
23
4
10
33
-8
-15
30
35
-21
26
-17
-6
-7
-4
-3
8
26
-18
-2
-24
20
30
41
-15
-2
-17
9
-3
38
-19
43
10
-8
-17
-23
-8
13
17
6
-29
-33
-32
19
1
-7
37
0
28
1
-3
27
17
-6
-22
-14
-10
-2
-27
23
-22
-20
-10
4
-27
31
14
-44
5
-2
-16
34
-3
-5
-21
-30
28
-35
11
-2
16
7
15
-1
30
-4
-0
8
-12
18
6
2
12
-30
22
7
22
6
0
-11
4
5
22
25
9
15
17
-3
-14
39
11
-31
-5
26
-2
-40
-10
3
5
-11
15
5
-1
1
-8
-10
-7
-14
17
-38
16
9
3
38
-1
-6
-5
-1
-11
-10
28
-4
7
-5
22
-11
-16
-7
30
7
-26
4
13
3
16
6
26
17
-8
-0
-14
35
6
-40
7
3
-1
31
-21
-11
34
8
11
-18
-36
-7
40
-6
-2
-18
15
-19
2
2
3
9
-5
13
-21
-38
44
-28
-1
10
26
-19
-8
-18
11
-1
-30
-15
1
-1
27
-25
-8
-19
-25
51
-9
11
26
-29
0
-16
9
32
-6
10
28
29
7
21
15
10
-10
-32
-14
14
-7
-10
-12
-29
-6
-14
2
-23
13
16
9
25
-16
12
-28
-24
30
22
10
7
-13
36
14
13
-8
-7
6
-3
-30
-21
28
28
28
22
-3
-9
-6
-5
-25
21
-24
-12
-16
20
2
-31
22
-10
41
11
-9
12
18
15
-5
-5
22
23
-14
-6
1
-6
-10
5
41
8
-2
14
12
20
3
-2
-9
5
-2
14
-15
-15
-2
11
13
-23
-22
-1
32
-28
-22
23
-1
14
21
-1
7
-13
7
10
-1
-9
-12
-16
-33
23
15
-7
-46
-36
-13
36
26
-34
-19
10
-33
-37
35
14
11
10
-26
-43
26
16
-30
38
23
-31
-16
42
3
-36
2
-17
10
-18
-20
-14
-17
-29
-4
-0
-5
32
-33
9
0
27
21
32
-48
-9
-3
2
6
26
-18
8
-4
8
14
-2
10
25
7
-21
10
23
-21
10
2
1
-25
9
-10
-26
22
-1
-21
-13
-1
-27
13
-22
-9
3
17
18
-7
8
-5
-23
16
-4
14
2
2
40
18
-15
-16
2
28
2
-17
-26
4
-3
-8
11
-13
-24
-18
30
22
33
10
1
17
10
33
-2
13
-29
-18
26
-29
-3
2
8
4
-36
41
-2
-11
-12
29
-24
30
7
-6
-25
22
2
10
-8
-1
50
26
4
-18
0
-2
-16
11
6
38
-7
-29
-22
5
-12
-29
-4
13
35
-22
-2
24
28
6
6
2
-6
7
-13
15
1
17
-32
5
25
-25
28
28
7
-10
9
8
-2
13
19
8
-19
12
-15
5
17
-11
16
45
14
-12
4
-40
9
6
2
-16
34
16
13
-17
26
-15
-20
-32
-2
-2
-24
8
5
-2
12
-2
4
3
-11
22
27
14
22
29
2
-8
-12
10
8
-11
14
2
-7
-15
-11
14
-6
4
-30
-7
-4
-40
-19
-11
64
-22
4
66
-30
-0
-5
-35
-18
30
-13
-37
5
41
-6
39
8
-5
-38
37
25
-12
9
-31
-1
-27
-13
9
31
19
5
-19
-36
-8
-14
8
-30
-33
8
-17
-9
-8
-45
-23
46
61
-20
-12
-47
-21
-5
5
-7
21
-12
-30
-18
-3
-8
-5
-4
36
-29
51
12
24
-59
-8
18
-4
-20
1
20
-28
12
17
38
58
-26
-23
-22
43
36
-30
44
-33
-47
-21
5
-36
-2
-21
31
21
-33
2
-47
-21
22
-9
2
13
-3
-50
-50
46
22
-7
3
-25
-14
40
37
38
-53
6
23
-12
53
30
-17
4
7
25
5
28
32
-28
0
25
-28
3
-3
-13
-2
1
-3
23
-13
20
-17
-1
17
-24
13
-16
-9
4
-18
10
-12
3
-12
-3
-4
-22
-13
3
18
29
-20
-36
-19
24
40
15
-44
-12
-15
-3
9
26
4
20
20
18
-19
24
-19
6
-9
-20
17
-43
-33
-3
-10
12
-14
1
-2
-15
11
4
-45
-10
-24
22
14
-1
30
11
29
-12
-22
42
-10
-9
1
-27
-22
-2
23
-36
-18
22
6
10
-4
8
16
10
33
16
-19
-13
-5
7
17
-21
17
-23
-2
-44
-7
-3
11
19
4
4
2
9
25
-76
2
-20
9
-38
-3
10
-14
-11
44
36
-14
-13
-20
14
-16
10
8
-12
46
-19
5
-22
-25
-22
-45
2
20
-0
-32
7
13
39
-19
-36
28
-40
-16
-7
-34
-11
14
18
-18
11
-26
-15
5
-26
-7
-26
5
-31
-16
-5
-5
9
-6
30
1
19
-0
20
-20
17
-8
21
14
19
12
-44
6
23
-46
-7
39
-18
5
14
21
28
30
24
-22
-28
-21
28
-37
-20
-29
-11
1
2
41
11
40
26
-21
-2
-3
9
16
-30
55
-13
4
-1
-14
28
38
49
-6
-38
27
-28
-29
4
-1
-34
12
15
20
2
-4
3
-44
-1
2
37
-17
8
2
-22
3
-8
-30
-6
25
-12
-15
-2
24
-44
0
31
7
-0
-3
-65
-16
-15
15
-19
12
-13
-10
24
-10
45
-32
10
36
21
53
-27
5
-23
-12
-17
29
-21
12
-32
0
-2
47
-3
30
-12
-8
-19
-13
2
-34
-30
1
10
-23
40
6
20
8
6
3
-6
-1
-13
3
3
-38
-6
8
-7
-26
8
-43
1
25
-12
5
-11
5
5
-27
1
-11
-26
-4
-24
-15
33
-3
3
12
-19
-17
-1
28
22
-29
-27
-10
13
-3
9
9
-1
7
-1
11
26
-28
18
-15
-34
-15
9
6
-8
18
3
-12
39
-1
-29
8
30
-10
-9
5
25
-36
-36
17
-4
8
32
21
-16
-10
7
41
5
6
-28
-32
-21
-9
7
9
-6
24
-8
22
-5
7
25
-16
-3
11
-16
-2
-2
-2
12
10
-24
10
-8
-8
-10
-20
-11
32
22
-9
22
-12
27
23
-16
29
-17
-1
7
19
15
5
10
17
-19
-21
0
-10
2
-11
10
4
-8
36
11
17
10
-4
-0
-5
-10
27
-13
16
19
-3
11
-6
6
14
15
-23
-9
7
4
6
42
9
-46
-17
29
13
-2
-14
-7
-42
11
1
13
-31
-34
6
17
-9
-5
33
7
-14
1
-27
5
6
9
-9
-34
3
-15
-8
-22
-29
-2
-4
-30
-26
60
33
-30
13
-11
16
40
7
-24
0
33
37
22
-24
-9
27
-38
-34
2
-48
-4
45
12
-36
8
-8
-13
10
17
8
-35
-11
17
5
-9
-53
26
10
-16
-2
13
-31
24
6
24
35
-9
19
-18
17
-12
2
34
2
-3
-4
-24
-16
-12
-4
6
-44
7
-29
-25
17
-12
-5
39
-7
-10
12
-13
0
22
36
28
15
-34
-24
-18
12
16
-2
-3
39
5
-2
-10
2
16
-11
14
-2
4
-7
6
5
10
18
-1
-15
2
1
-5
12
-11
3
25
6
24
32
11
15
34
-6
-6
-20
11
37
0
5
-12
19
18
-10
9
-23
24
20
-7
-20
-5
39
-18
17
-3
-11
-19
-28
3
7
-4
-9
10
27
10
26
14
-6
-0
-13
-14
-4
27
1
21
-19
4
-29
-43
1
-22
-16
-13
11
25
32
-3
-13
16
18
32
14
-4
-19
3
-31
4
19
10
-8
-32
55
19
30
41
-20
10
-4
-33
-14
-1
-1
1
13
-20
-32
-25
30
19
-47
3
1
21
32
-14
-4
-23
-15
37
8
16
-43
-23
-22
10
-40
10
-12
19
-18
-32
20
-18
-22
32
13
-4
-5
-22
-4
-3
18
14
-49
-12
45
11
11
17
-17
13
20
-4
1
-6
-9
19
-20
-15
-15
32
18
-31
10
26
47
14
-15
-14
-12
29
-4
33
8
-5
3
0
24
18
7
13
27
1
7
-7
28
0
6
20
-16
-4
8
37
12
4
11
9
5
25
-7
-17
-8
-1
-3
-4
1
-24
-1
30
4
-32
-18
3
8
35
4
-3
4
-33
-23
27
4
3
27
5
-15
-13
-22
17
-9
-15
-18
8
-25
3
-8
2
-12
20
9
1
40
25
31
8
7
-8
4
9
4
-14
11
18
-14
-10
-7
15
17
-1
-37
-22
-9
-6
14
-4
-17
33
-7
9
17
-32
-28
28
-14
-3
-2
-6
20
15
-21
11
8
32
-7
-5
-14
-0
-17
-12
-16
21
8
9
-8
11
-13
16
13
17
6
-2
11
-1
23
-5
-21
28
25
15
-6
38
10
-15
-16
-16
-0
17
2
14
10
28
17
32
3
-15
-5
16
11
-25
0
6
13
-8
-2
19
0
12
-22
25
27
3
1
21
-9
-18
-32
-18
14
-5
-20
-12
-21
-13
4
31
-4
22
-2
37
4
25
1
2
22
18
3
-12
23
-9
10
-5
20
25
3
23
5
9
5
26
-5
36
-21
16
-25
48
3
-4
-1
-7
-5
7
9
13
-39
-14
5
7
5
-16
-0
23
-4
-8
9
4
4
8
-1
-9
-5
-7
9
-29
21
-6
-5
-20
-26
-1
15
-21
7
6
14
11
13
17
3
11
8
-37
-19
-30
-15
17
7
35
-25
14
-8
5
9
-6
-17
-19
0
18
22
17
-4
-9
-43
-25
18
3
-28
-1
19
-4
-5
-16
15
-22
22
8
11
-7
6
43
-5
38
7
26
11
4
-6
3
11
2
-12
30
-9
-12
-11
25
10
-8
-10
-18
4
-9
-7
5
-9
19
3
28
14
29
19
12
-14
-12
-0
-2
-13
-14
-42
-19
15
-23
6
18
17
-11
1
-9
26
33
2
-3
43
-17
2
-15
-4
26
30
42
6
-5
-0
-13
10
20
39
11
-37
-9
7
5
12
1
-11
-14
12
-2
1
15
-5
-9
6
2
-3
16
-5
44
9
-20
-15
4
13
20
-40
3
-30
-8
9
49
-34
-28
-9
-26
11
22
-48
-4
0
-19
12
24
22
-17
-11
31
-8
-3
30
8
8
23
-18
-15
6
-5
-53
-18
-6
-4
47
32
-14
-11
-17
39
29
33
-29
11
31
-30
13
-1
-10
6
20
-22
10
-20
2
29
37
11
-25
-15
29
-39
-2
-14
-32
35
-12
-7
15
7
-11
17
-3
9
-4
16
2
28
12
-15
-8
-10
-15
-27
-31
23
-17
6
-6
-26
32
-14
6
17
-2
21
2
11
-4
2
-50
6
18
36
18
4
15
12
-9
19
2
-14
9
28
23
-32
-36
-21
16
-40
-1
3
24
17
-9
6
-22
12
20
-8
-16
30
10
-8
6
22
-11
12
43
-22
-30
17
32
15
-32
-32
-4
9
24
21
11
11
-13
4
24
23
-8
8
-3
7
2
-1
18
13
0
10
-21
-26
18
-12
6
-23
-9
2
4
-24
-32
0
11
-19
11
27
-36
11
0
-13
33
42
15
13
