-1
8
8
-13
11
-11
0
13
-10
-9
5
3
-4
8
8
-8
-8
0
-5
-7
9
-0
-9
12
13
-13
-3
-13
8
2
6
4
-8
-6
-6
3
-9
1
-7
-2
-10
-8
-7
-2
3
-7
10
-12
7
-13
3
-13
-7
-6
6
4
-8
-3
8
-12
-9
11
10
-7
1
-11
-9
0
3
-5
10
9
2
4
-4
4
-7
-2
4
-6
0
5
8
12
-0
-10
-13
2
-10
7
-3
7
12
6
-7
-6
12
0
-2
-1
-12
6
-3
-4
-9
-1
7
7
-12
5
-5
-6
-0
6
-6
-1
6
7
-9
4
1
3
-1
9
-9
6
-8
11
-4
9
-12
3
4
-9
-11
6
2
3
-5
-9
-5
-2
-8
-10
10
8
2
3
-6
-9
-5
5
8
-12
1
-10
1
1
13
6
8
4
-11
2
3
-3
-10
-10
7
-4
-2
3
-2
0
-10
1
4
-1
-8
13
13
-13
-2
-12
1
6
-0
12
-9
9
-10
9
