264
265
251
263
253
260
258
263
250
269
256
261
251
261
248
260
248
257
256
249
264
246
236
254
237
256
253
250
253
253
257
249
241
260
260
257
246
253
265
260
256
257
245
253
258
257
260
270
258
253
254
263
250
251
250
274
255
254
255
228
249
250
246
259
252
255
263
267
252
260
243
264
262
266
258
245
259
245
247
292
251
245
247
260
275
270
238
258
251
256
247
252
235
247
251
256
261
248
252
254
248
246
253
240
249
252
255
250
260
264
251
251
267
257
250
256
270
250
263
258
260
248
248
250
268
266
262
252
246
256
249
257
262
258
258
256
257
258
263
248
263
258
259
261
247
252
268
255
260
249
264
257
254
243
245
255
257
263
251
252
266
247
252
267
246
257
244
248
251
251
280
250
256
253
253
255
240
259
268
248
258
250
269
239
262
262
258
263
252
241
257
250
