529
370
567
261
154
527
555
622
116
526
147
294
454
620
661
339
338
415
160
102
65
591
228
257
365
206
57
652
31
663
30
494
267
602
576
359
147
607
239
669
351
59
354
757
80
664
343
129
81
344
128
711
624
654
346
543
75
678
320
771
583
304
543
548
436
479
213
361
248
399
224
609
701
699
353
287
35
849
891
599
322
70
178
359
466
695
343
510
374
320
481
574
692
479
800
107
286
502
788
347
564
30
249
165
534
871
752
382
332
302
636
820
726
624
469
329
370
337
513
264
419
713
564
330
575
57
637
102
