282
283
264
260
293
267
272
270
264
300
272
274
288
263
294
277
278
290
293
266
267
285
282
285
285
269
258
292
270
301
267
269
285
287
323
302
280
280
286
267
257
287
301
261
266
286
286
270
268
289
285
267
285
266
282
293
260
286
280
263
296
286
281
267
302
265
278
265
269
285
289
265
269
274
321
305
265
280
262
260
295
262
302
281
294
284
280
285
270
253
287
264
307
288
265
260
301
285
264
258
305
258
292
304
280
265
269
275
289
273
262
261
286
285
284
283
289
294
297
309
288
265
260
312
260
275
278
266
