40
35
-25
8
44
-21
-23
-32
-11
41
-11
-20
33
-29
32
-22
-20
47
37
-1
-13
38
19
13
25
-16
-14
38
4
43
-3
-27
43
40
35
25
16
44
21
-25
-25
8
25
-36
-12
28
34
8
-21
30
22
-27
50
-33
23
38
-12
35
38
-31
44
28
37
-33
30
-17
8
-16
13
31
35
-32
-27
-18
32
26
-16
36
-29
-28
41
-5
22
41
28
44
30
43
-19
-8
32
-27
29
52
-31
-21
36
29
-31
-24
34
-13
47
18
37
-29
-25
24
48
-24
-25
-30
47
36
34
28
29
25
48
29
37
-27
-28
45
-19
-5
53
-27
