-0.02613623 -0.01802515 0.04848049 -0.1171332 -0.2990329 0.02635526 0.1926583 -0.07557137 0.01634829 0.1491281
-0.1804508 -0.1759745 -0.2326146 -0.1835398 -0.2398851 -0.1813068 -0.2467177 -0.1853197 -0.1982118 -0.1263581
0.1570921 -0.06031073 0.1545764 -0.03213398 0.1950521 -0.01965088 0.2020133 0.0008766046 0.200221 0.005210113
-0.04062341 -0.2200753 -0.02332904 -0.2331075 -0.07197528 -0.2127895 -0.07502212 -0.1839173 -0.07788634 -0.1845689
-0.2990486 0.2971277 -0.00656398 0.1637482 -0.08087418 -0.06560562 0.05533643 0.3282281 0.183393 0.3708164
0.1056754 0.3770122 -0.114172 0.3692525 -0.02929606 0.04258915 -0.1081864 0.2512029 0.01647828 0.1981112
-0.1480611 -0.004319716 -0.2615443 0.0238396 -0.3064743 0.01742296 -0.236586 0.04746445 -0.1416824 0.08926996
-0.3132779 -0.05438084 -0.2807986 -0.007282598 -0.224633 0.04759357 -0.3332911 0.04817317 -0.3258118 -0.04926099
0.1636878 0.05709121 0.134508 0.09900364 0.2088493 0.1037837 0.2073317 0.0720575 0.2010653 0.06185745
0.05270961 -0.1923438 0.0842612 -0.2090922 0.06723443 -0.1935089 0.06084631 -0.253648 0.05586308 -0.2311221
0.03621778 -0.1754275 -0.3117809 0.0380138 0.02526463 -0.1169048 0.006779782 0.08637069 0.1317462 -0.1041041
-0.1110379 0.1374483 -0.01648405 0.2034364 -0.112944 0.3199723 -0.1855162 0.3304028 -0.1744256 0.3492422
-0.2139466 -0.1042397 -0.3054441 0.2072346 -0.1676363 -0.004744984 0.3031323 0.004011899 -0.2994973 -0.2932763
0.2332908 0.2044434 -0.3285083 0.07261963 -0.1539717 -0.0737986 -0.2558353 -0.2329803 -0.2777699 -0.1837532
-0.2489128 0.1518814 -0.2211835 0.1423257 -0.1926332 0.1860386 -0.08542072 0.1144219 -0.1292617 0.1438781
0.08603141 0.3156713 0.1186687 0.03362589 -0.04437947 0.3312451 0.1623544 0.2274017 -0.004161158 -0.008782662
0.1575341 0.1553349 -0.1823215 -0.09190741 -0.114326 -0.2160844 0.2593189 0.2460722 -0.04175546 -0.07725365
-0.3066665 0.04783917 0.2523689 0.1920612 -0.03655676 0.2268684 -0.2619161 -0.03026543 -0.03522939 -0.2323539
0.1447509 -0.05837797 0.1820547 -0.09978949 0.1489966 -0.08662626 0.1511645 -0.07596664 0.1047409 -0.07440508
-0.2055372 -0.2376841 0.246638 -0.1176619 -0.05285321 -0.3341108 -0.06372106 0.2652117 -0.1452345 0.06434312
-0.04221535 0.1204576 0.1068724 -0.2780437 0.1486246 0.1759275 -0.08012684 0.1005063 -0.1605022 -0.09680225
0.2451537 0.0242551 -0.09420039 0.02933589 0.2276161 -0.08243067 -0.05734322 -0.1666553 0.08462373 -0.3913816
-0.2582697 0.05786254 -0.0293822 0.3296 0.2643314 0.03148257 0.2258294 -0.3151619 -0.1841907 0.2417841
0.1911401 -0.007882114 0.1517546 -0.002540264 -0.00544205 -0.06150822 -0.06927127 -0.2666951 -0.3188053 0.1288977
-0.09489363 0.002980444 0.338929 0.1095523 -0.06579857 -0.06241452 -0.2193746 -0.1290829 0.2223748 -0.06641936
-0.3322802 0.1098412 -0.2884799 -0.2611116 0.01793159 -0.08000811 -0.2961752 -0.04246479 0.0515317 -0.04696828
-0.2234138 0.03493537 -0.01884599 -0.04314402 -0.02975565 -0.1939434 0.2389662 -0.2137515 0.04185599 -0.1011913
0.2478068 0.1040774 -0.01252557 -0.1269884 -0.09927698 -0.186229 -0.2193418 -0.04123626 0.3344363 0.1739678
0.07625356 0.2355816 0.07074374 0.2286653 0.02885512 0.247391 0.04153374 0.2007527 0.02344549 0.2184274
-0.1236902 -0.3255447 -0.06128884 -0.389804 0.1480998 0.1923617 0.01343587 -0.1225473 0.1010433 0.1440411
0.2913614 -0.232313 -0.02917251 0.2134984 0.08836845 0.03441156 -0.1121534 0.3163235 -0.2123619 0.2470434
0.02744948 -0.09236395 -0.1877645 -0.0261006 0.07612925 0.3106121 -0.04111198 -0.1016541 0.11265 0.0822579
